4
police
100
41873
10941
50901
34877
19029
2472
51967
48982
19847
1449
1593
21779
16276
22710
3754
30042
46558
24432
53516
26084
40544
15827
34325
12918
6226
21073
4142
39677
18406
7998
41909
6660
29860
50112
52458
48889
52585
8109
1554
18813
9558
3147
51513
25834
25857
1648
13178
18796
37001
13076
44880
23927
28903
36507
36845
46050
3962
51908
43029
22368
17208
31319
39950
47068
27813
38789
42338
26779
46898
1194
2894
13758
15263
789
50514
52041
13358
10073
28140
50360
34070
19401
31589
20275
13211
25736
12706
17173
24026
13038
39541
41234
44357
25872
45605
29472
21964
34324
2632
26164
court
40
46440
16448
39923
8084
28158
47739
6506
41516
15114
34646
49178
49185
11350
38069
26762
24561
10187
50390
52655
45134
9809
38577
43670
547
21752
35656
30020
43716
27283
43573
16261
31025
17323
13486
39109
45481
7606
2917
44300
33642
prison
60
48485
50780
40129
6216
35231
13272
41698
2720
20964
40734
47854
30773
36613
48826
42242
4746
41785
29564
5764
26370
30439
22026
3776
47763
46433
42885
50546
421
3104
41227
44984
51589
49310
31494
15107
30922
2068
3186
33642
23033
1222
38798
187
37836
44926
42429
53503
33092
29295
5649
5843
6116
27675
9619
260
20489
9806
8108
31831
12911
hq
1
6638