4237
(761,2782)
(1014,1719)
(633,1366)
(3094,3679)
(3899,1571)
(2625,1260)
(3932,1274)
(3674,3616)
(484,3361)
(639,2724)
(2031,2179)
(1809,548)
(3552,2549)
(3394,2759)
(2210,2751)
(781,2318)
(1040,1998)
(2885,1236)
(3679,2985)
(2472,3420)
(3241,268)
(2276,1579)
(2026,3183)
(343,1540)
(257,3919)
(572,1859)
(3002,613)
(1265,3753)
(296,3152)
(1197,215)
(2370,2005)
(1193,615)
(3715,1340)
(381,1400)
(3483,2301)
(3826,486)
(826,931)
(396,1122)
(758,1217)
(3605,3716)
(497,573)
(3730,2314)
(2154,3295)
(1400,3689)
(1498,3671)
(836,3025)
(1559,3963)
(1006,3877)
(2680,554)
(2243,2299)
(556,1772)
(2467,576)
(2270,3653)
(102,2568)
(1674,2026)
(3748,2009)
(2032,2246)
(1928,2324)
(2226,51)
(3576,3199)
(2136,388)
(3190,3632)
(456,1179)
(1289,1368)
(1593,1133)
(2123,463)
(1727,3768)
(340,37)
(2246,1197)
(1038,3762)
(1569,2119)
(1947,538)
(2143,1330)
(1287,1463)
(3315,2110)
(1799,709)
(721,110)
(2450,2012)
(37,2837)
(1338,1703)
(103,1056)
(3848,562)
(2344,1351)
(227,3803)
(3663,639)
(1056,1360)
(1130,1595)
(1764,2196)
(1312,193)
(2064,1022)
(1198,1375)
(2755,1895)
(3862,2041)
(3307,3092)
(3031,2349)
(3812,190)
(1491,1365)
(2171,1174)
(2487,1611)
(1734,2952)
(2090,2269)
(608,3066)
(782,2117)
(1045,2871)
(129,1754)
(3938,326)
(2791,1147)
(3534,2703)
(2031,2357)
(838,3826)
(1233,1505)
(3690,3864)
(1295,3471)
(3487,3937)
(3272,2118)
(1722,387)
(913,523)
(2569,1000)
(2264,850)
(2496,1436)
(3759,1902)
(41,3576)
(3864,3923)
(2112,1163)
(3937,1249)
(1062,693)
(3531,2168)
(1921,1808)
(1915,863)
(387,144)
(447,650)
(3882,3301)
(474,2327)
(1204,3431)
(301,2094)
(1298,454)
(476,1156)
(1445,1347)
(1460,1767)
(693,109)
(624,637)
(2844,3624)
(395,248)
(811,1785)
(261,3575)
(3294,2304)
(986,2875)
(3106,3561)
(2696,3333)
(3198,1577)
(1843,3055)
(3930,54)
(317,353)
(2893,2072)
(3905,2487)
(2583,1389)
(3282,2599)
(2206,2285)
(1761,1542)
(1214,3397)
(372,2647)
(358,2214)
(2024,1484)
(1262,934)
(3798,1285)
(332,947)
(3500,1977)
(3180,3589)
(3895,2227)
(3178,3928)
(1542,1481)
(473,684)
(61,317)
(2296,1153)
(336,1570)
(2321,1683)
(1916,3046)
(921,748)
(514,3178)
(3246,3706)
(2474,3174)
(1543,1544)
(3724,3939)
(2706,2402)
(2339,3630)
(148,90)
(3255,3541)
(2228,2750)
(2184,1042)
(1044,1646)
(1494,245)
(1002,1417)
(168,442)
(2718,2795)
(1225,1611)
(2241,2812)
(3555,2079)
(127,1898)
(2410,3638)
(2862,3401)
(754,1293)
(2958,510)
(3215,3275)
(2590,2626)
(1343,1435)
(3049,1506)
(72,3688)
(3299,1176)
(1998,2069)
(2985,1434)
(1401,577)
(669,2097)
(1370,2687)
(3893,1831)
(2159,1304)
(3791,3054)
(1226,1835)
(532,1663)
(2069,2699)
(1856,2905)
(1434,3662)
(3151,800)
(2845,2415)
(1304,3330)
(1965,2353)
(1244,2068)
(1224,2877)
(767,1804)
(360,2631)
(800,3681)
(3568,2349)
(1448,3693)
(1008,1224)
(228,2229)
(1108,2779)
(205,435)
(2651,3081)
(3325,2950)
(367,2678)
(1528,1162)
(2287,2407)
(3420,2709)
(3414,981)
(2414,3103)
(2919,189)
(753,134)
(1752,2267)
(1800,9)
(1829,722)
(780,710)
(2788,1743)
(2070,124)
(3203,2441)
(2821,3724)
(779,1464)
(1604,472)
(2868,3936)
(1741,3874)
(1551,2338)
(3376,265)
(3328,2581)
(3683,1082)
(2288,2050)
(1780,980)
(137,3206)
(3755,1209)
(1195,2055)
(449,1955)
(3262,2679)
(1032,2356)
(2952,1275)
(330,98)
(2055,3022)
(1941,867)
(2056,2208)
(955,2507)
(1910,3609)
(1535,3746)
(959,2124)
(1334,1776)
(1587,2264)
(2054,3159)
(151,2405)
(2984,644)
(172,74)
(3309,3439)
(184,122)
(436,127)
(3466,1168)
(1534,1387)
(1061,218)
(1152,1087)
(1449,556)
(2717,1897)
(1692,3348)
(1819,3782)
(963,1893)
(459,390)
(3003,2598)
(557,912)
(429,274)
(1188,829)
(1093,2451)
(3551,2525)
(3348,3044)
(3340,324)
(1558,2753)
(3059,3644)
(2263,2107)
(1580,1555)
(1054,3215)
(2729,3795)
(1169,1337)
(144,3057)
(2451,1150)
(2520,790)
(3267,2719)
(1926,3592)
(2106,2913)
(233,3401)
(1979,2115)
(3788,1852)
(3057,2540)
(533,505)
(94,1758)
(3091,968)
(1803,1661)
(515,2253)
(2789,551)
(2833,205)
(1336,2332)
(313,2698)
(2131,276)
(2334,8)
(1041,2564)
(3172,873)
(339,1620)
(3670,3095)
(1661,1978)
(2147,418)
(2217,1753)
(276,404)
(1492,1370)
(2016,1796)
(196,3881)
(2440,2225)
(3270,3532)
(1826,824)
(604,432)
(2580,151)
(236,2742)
(1753,598)
(1741,3574)
(3009,291)
(320,1521)
(1608,1747)
(3640,3734)
(966,3683)
(1418,1157)
(1563,504)
(1670,2671)
(1073,582)
(288,3227)
(853,3493)
(310,2035)
(2430,2792)
(2163,11)
(3103,1759)
(697,2051)
(777,2399)
(353,1720)
(789,1391)
(299,145)
(1471,3934)
(722,2845)
(56,2752)
(457,443)
(3698,488)
(3383,1584)
(95,1870)
(941,3345)
(2361,312)
(1362,3008)
(2840,726)
(1413,3793)
(3099,2454)
(1787,1130)
(3251,622)
(1372,587)
(1111,1110)
(3956,2389)
(569,2593)
(1082,2592)
(3825,2511)
(210,328)
(1015,1362)
(3142,516)
(1355,2250)
(2196,2840)
(2710,123)
(1253,3387)
(561,2566)
(3109,2155)
(2931,2822)
(3779,1316)
(349,1384)
(1034,2899)
(3890,3441)
(1539,2898)
(3535,3582)
(3377,3884)
(1159,3726)
(3387,1615)
(2604,2303)
(2649,3731)
(810,2410)
(1607,2008)
(492,2542)
(3243,2836)
(3290,369)
(25,38)
(3030,91)
(586,2339)
(2006,1252)
(679,2646)
(3566,3249)
(773,661)
(1033,2572)
(1299,2712)
(2109,303)
(2869,2147)
(1012,183)
(1450,3474)
(671,616)
(3137,1960)
(1835,3487)
(2218,56)
(2151,1901)
(1202,1689)
(3681,566)
(2976,2350)
(2341,2075)
(3084,33)
(3549,1447)
(1138,3091)
(1888,1530)
(1713,3696)
(1659,3454)
(645,2998)
(2531,857)
(3692,1048)
(2928,3390)
(312,1889)
(566,1259)
(2667,63)
(1192,2914)
(3173,3358)
(435,3787)
(1850,669)
(81,1516)
(455,1092)
(487,1514)
(857,2201)
(3582,2577)
(1048,2674)
(864,3763)
(1237,959)
(1013,3921)
(395,1314)
(2048,3694)
(22,2938)
(1657,2251)
(2448,3924)
(2495,3665)
(3101,2202)
(891,3440)
(59,135)
(246,3729)
(2655,2541)
(1600,1102)
(2938,739)
(3259,1840)
(1270,3214)
(659,3056)
(3758,735)
(3544,521)
(1834,141)
(3726,3503)
(1768,2873)
(3464,3707)
(3214,871)
(1220,2949)
(1794,2222)
(1656,834)
(2724,3258)
(1011,357)
(1873,1905)
(1215,302)
(1145,228)
(3746,975)
(3628,3498)
(287,3669)
(441,1883)
(1064,3139)
(2673,1478)
(1686,3584)
(834,3310)
(43,2470)
(185,606)
(630,3758)
(1812,3108)
(3427,1647)
(126,2583)
(1118,2519)
(2260,3533)
(1387,92)
(1352,503)
(311,1107)
(1785,1086)
(1903,2555)
(2519,2746)
(2095,3234)
(3543,1235)
(3398,770)
(101,417)
(3778,3181)
(461,240)
(1160,737)
(2714,2550)
(3117,2363)
(1798,3961)
(3249,117)
(27,375)
(855,2366)
(1793,898)
(2362,2663)
(3571,1214)
(211,1946)
(1235,2027)
(751,1828)
(3857,1297)
(2515,573)
(2781,3379)
(2210,1160)
(3644,1336)
(3209,1871)
(2551,3185)
(503,371)
(3457,976)
(2319,3627)
(1582,2916)
(2023,2589)
(83,3878)
(3189,2551)
(1098,3887)
(976,143)
(2305,3788)
(1752,1446)
(3332,1390)
(2589,494)
(333,3563)
(1552,1098)
(404,3799)
(1733,1558)
(1874,2186)
(1390,2842)
(2735,2437)
(792,3907)
(219,3243)
(3406,1855)
(2312,1475)
(930,1779)
(1849,3305)
(2522,437)
(2013,3619)
(10,3810)
(1855,1809)
(1079,2604)
(3350,3279)
(2776,1756)
(2437,3524)
(1533,2615)
(2900,153)
(1807,3649)
(1409,1911)
(3725,1315)
(3158,583)
(2012,2433)
(2916,1453)
(3463,1856)
(3279,2497)
(2293,3922)
(3063,3551)
(690,3034)
(155,375)
(1625,2436)
(2534,2004)
(117,1695)
(450,3863)
(192,1060)
(2180,3648)
(3206,1856)
(1316,723)
(52,1023)
(3318,2287)
(3034,707)
(245,110)
(2659,1899)
(1468,1909)
(2741,979)
(578,195)
(592,3405)
(1130,2622)
(2596,2882)
(112,1371)
(603,2442)
(3118,3633)
(2711,1410)
(2535,2377)
(582,21)
(560,1735)
(878,1477)
(818,3811)
(983,1263)
(938,2498)
(3366,474)
(712,2929)
(2872,514)
(240,2602)
(886,361)
(1368,273)
(2294,2964)
(202,3124)
(2817,589)
(267,2707)
(76,1613)
(2155,2859)
(2138,71)
(2018,652)
(3356,2473)
(951,2718)
(3233,3080)
(1102,55)
(1537,2723)
(618,403)
(2489,2891)
(1664,140)
(1918,267)
(849,3559)
(71,3461)
(2295,1227)
(54,3432)
(1750,1208)
(3080,844)
(1314,82)
(2880,3344)
(1106,1672)
(943,1244)
(1590,1795)
(2656,2128)
(2094,3566)
(888,3594)
(3120,1750)
(3498,2455)
(2977,2686)
(3801,3033)
(627,331)
(1027,2883)
(253,3105)
(1672,2611)
(770,1517)
(3434,2302)
(1520,1171)
(1485,126)
(3914,3177)
(1951,1795)
(739,3130)
(2299,1492)
(2851,181)
(2556,3610)
(3244,459)
(2418,3842)
(1913,3087)
(3735,95)
(3105,1067)
(1168,1037)
(1991,2212)
(2244,167)
(1443,3588)
(1742,3626)
(1611,393)
(1153,2528)
(181,1603)
(3604,3384)
(1679,2371)
(2212,3656)
(167,3323)
(481,322)
(111,3146)
(361,3075)
(3252,3428)
(3421,2460)
(1516,2900)
(663,2635)
(232,3107)
(946,2432)
(1801,251)
(900,35)
(2476,716)
(2644,2220)
(2378,1622)
(3691,3359)
(1209,1135)
(422,780)
(889,19)
(1216,2279)
(1411,1729)
(3526,1029)
(1749,3246)
(2352,700)
(1121,2057)
(2884,954)
(303,2559)
(3518,2730)
(1573,1298)
(995,2592)
(1623,3112)
(2181,395)
(948,1077)
(3404,3031)
(2631,1322)
(2039,3756)
(2746,1638)
(3369,2266)
(3503,579)
(3840,196)
(2021,1331)
(2591,831)
(2853,2676)
(1258,2197)
(1944,3134)
(1958,1932)
(2927,461)
(2606,561)
(2014,2062)
(123,1499)
(3472,1774)
(1638,1014)
(2130,1752)
(2214,1489)
(464,2064)
(1853,2585)
(3078,3670)
(1961,3483)
(912,3761)
(2859,3437)
(3638,822)
(2271,3614)
(3300,3144)
(2939,3241)
(1871,1530)
(2685,2329)
(2754,3189)
(143,3166)
(1069,1255)
(3211,1875)
(2839,1970)
(3212,203)
(2750,3285)
(1745,593)
(209,3548)
(1550,1683)
(3701,1228)
(2101,1854)
(2384,876)
(342,945)
(2525,2282)
(615,2754)
(3221,1552)
(3155,3750)
(3166,381)
(2376,2884)
(60,2662)
(3210,758)
(581,768)
(3794,1085)
(2847,1731)
(1508,3221)
(3797,2456)
(893,3458)
(783,2102)
(2119,407)
(1135,1581)
(736,2645)
(862,321)
(2134,699)
(2662,2638)
(1415,2174)
(1085,2467)
(1631,3100)
(3820,1437)
(539,2226)
(1175,2828)
(3012,1486)
(2959,2125)
(3867,936)
(699,2136)
(394,1115)
(1282,2249)
(3733,2680)
(1060,3875)
(1179,1161)
(3569,1348)
(97,3363)
(1290,894)
(2980,2019)
(3602,3539)
(217,1738)
(3625,883)
(2768,531)
(326,990)
(1925,1248)
(1141,2820)
(3875,103)
(1627,1848)
(223,269)
(2829,3960)
(2233,76)
(2010,1290)
(2819,3889)
(2508,3695)
(13,1849)
(1,2651)
(2335,2981)
(677,3262)
(146,1968)
(2904,2258)
(2873,1493)
(1374,2273)
(3672,1921)
(1007,879)
(2929,370)
(1647,1323)
(3933,1183)
(1848,2980)
(53,647)
(1462,3812)
(3910,3808)
(2890,2666)
(513,3114)
(1080,108)
(3476,2387)
(2994,3744)
(2858,2218)
(874,1857)
(65,3637)
(3712,750)
(2104,835)
(3507,275)
(1049,3760)
(1431,2693)
(589,133)
(3866,819)
(3079,2088)
(755,3495)
(908,1715)
(2957,1722)
(1707,2536)
(1937,3467)
(538,1965)
(3461,400)
(1180,1210)
(2144,1562)
(844,1813)
(1171,3122)
(2038,3396)
(82,1455)
(2961,3829)
(3265,2274)
(3803,1943)
(1738,3917)
(2142,2391)
(1797,445)
(2118,1186)
(1293,1959)
(2716,3799)
(328,1549)
(1068,157)
(1021,2309)
(1311,3268)
(3365,3120)
(2422,1439)
(1455,913)
(3580,2556)
(3401,3096)
(2964,286)
(445,230)
(788,3271)
(986,285)
(119,3860)
(3588,1583)
(1097,3742)
(3380,3545)
(553,301)
(2840,2562)
(558,1781)
(3619,973)
(3297,630)
(66,3367)
(1055,233)
(1440,475)
(1777,2829)
(917,1131)
(647,3256)
(638,2477)
(3326,2207)
(1144,3643)
(3656,2901)
(1805,70)
(3479,1422)
(51,2049)
(3088,1761)
(2188,2761)
(277,130)
(3889,2692)
(2942,3494)
(3757,3821)
(1385,2200)
(2824,3460)
(1630,2038)
(2968,384)
(3382,3570)
(1512,1355)
(3953,3426)
(1142,2167)
(348,159)
(1934,3940)
(2259,101)
(1078,2896)
(3339,2429)
(396,861)
(2464,3342)
(154,720)
(3957,2591)
(3116,712)
(1906,3479)
(428,3796)
(2356,3228)
(1344,2621)
(2509,290)
(2429,2658)
(1148,567)
(1876,1841)
(323,704)
(745,2065)
(307,297)
(2405,1634)
(53,3480)
(2541,786)
(2452,928)
(3856,235)
(1232,3885)
(2381,2428)
(3048,1862)
(1833,59)
(2619,812)
(2963,478)
(3828,2465)
(524,3945)
(3881,142)
(1315,1300)
(1129,2162)
(3133,1201)
(3846,1207)
(3885,1184)
(2759,3547)
(2733,3640)
(3351,3792)
(3945,3299)
(3493,2469)
(1154,2747)
(823,3678)
(1610,3383)
(1320,2736)
(3087,2945)
(1802,3138)
(816,3639)
(1901,1749)
(897,3636)
(1496,1451)
(915,2360)
(594,1757)
(1721,1485)
(2832,2159)
(2330,860)
(1465,3482)
(2887,1590)
(338,106)
(3138,3151)
(3200,1946)
(2029,915)
(3388,3414)
(1255,2181)
(3695,1805)
(992,1333)
(3560,3267)
(1211,2016)
(1749,828)
(526,2325)
(1206,284)
(364,545)
(2173,3906)
(1830,2848)
(3623,1035)
(2242,2702)
(2132,3822)
(1370,3222)
(873,2885)
(1039,1659)
(2220,374)
(1893,2061)
(2475,1860)
(3291,365)
(3363,3232)
(2275,2158)
(2638,57)
(3705,174)
(3802,2093)
(3286,2797)
(797,3291)
(600,1031)
(221,3663)
(2763,1396)
(1075,3394)
(3929,262)
(2940,2089)
(605,2590)
(576,2919)
(1466,3343)
(1031,1046)
(2563,1605)
(388,2757)
(3666,2359)
(3231,1700)
(3892,1766)
(657,2827)
(2882,591)
(2174,878)
(1367,3424)
(3900,1055)
(1087,1843)
(3596,855)
(2051,3591)
(99,277)
(3303,2039)
(2932,3573)
(843,3544)
(3577,3772)
(2997,2786)
(3073,1737)
(139,118)
(2681,3598)
(571,1256)
(3750,438)
(3156,3800)
(417,3577)
(463,967)
(1430,1064)
(2677,1474)
(2302,2141)
(1512,3647)
(2350,310)
(3688,3308)
(2468,754)
(35,2778)
(1173,3225)
(2703,1276)
(695,1152)
(813,907)
(3116,2815)
(3906,3504)
(2665,105)
(3475,3526)
(1825,1230)
(2164,1768)
(385,3400)
(2059,3244)
(1700,3617)
(1004,2423)
(2896,223)
(954,373)
(1703,2398)
(190,1538)
(2165,3838)
(3836,294)
(3484,1592)
(997,1237)
(3298,3169)
(1790,999)
(3260,2486)
(1121,3208)
(16,1575)
(1877,2424)
(3511,1444)
(2177,557)
(1538,429)
(529,3136)
(2268,2459)
(525,2665)
(2836,3684)
(2229,45)
(2332,2120)
(2486,1999)
(1346,1745)
(499,3719)
(2672,1981)
(1641,924)
(2905,2961)
(2738,2502)
(1271,3738)
(665,1322)
(3051,1933)
(875,2098)
(1695,657)
(1831,3841)
(882,1429)
(3883,1018)
(1266,3536)
(2527,406)
(2444,171)
(841,608)
(230,996)
(2002,1406)
(1461,2215)
(2140,649)
(1094,3318)
(3489,1618)
(1579,3578)
(2565,1997)
(3008,2552)
(2675,1547)
(3627,3518)
(3067,1374)
(2333,2261)
(272,718)
(1453,3374)
(1404,2288)
(1616,643)
(569,1528)
(495,896)
(3578,1070)
(3069,2641)
(3607,3798)
(1583,1358)
(2261,604)
(1879,506)
(3824,319)
(2126,636)
(3597,298)
(1648,1490)
(1684,2667)
(2641,3153)
(1376,1030)
(1132,2031)
(3766,2011)
(356,1692)
(3409,1502)
(2947,3184)
(3888,2361)
(1339,884)
(413,326)
(433,3099)
(1976,1191)
(975,3328)
(2837,3098)
(2973,482)
(3184,3571)
(1622,3195)
(964,2001)
(2578,789)
(2087,3852)
(1113,1379)
(3035,3459)
(1586,2907)
(1321,47)
(2045,3336)
(710,2863)
(2314,2414)
(1847,3253)
(3010,3802)
(1408,2142)
(1886,984)
(1736,1492)
(2616,1564)
(2364,3513)
(1391,708)
(3336,392)
(318,2988)
(2984,1567)
(3485,3896)
(2086,1583)
(3253,1034)
(2828,2762)
(132,1005)
(3205,3150)
(108,3654)
(512,1825)
(1438,1710)
(270,1655)
(870,681)
(1213,725)
(3150,2936)
(1748,1108)
(278,2532)
(3451,1614)
(1536,1598)
(2456,2624)
(672,3321)
(1814,2381)
(774,1404)
(957,2397)
(2800,366)
(962,3015)
(3871,2612)
(397,1427)
(49,1212)
(1053,3282)
(968,2887)
(329,295)
(649,1616)
(3240,2030)
(929,2461)
(3590,517)
(3230,3074)
(2861,590)
(1250,609)
(2093,807)
(2280,2930)
(2568,2321)
(366,3084)
(3915,881)
(3330,645)
(3386,3128)
(590,2420)
(568,2632)
(1804,2531)
(2999,2132)
(5,1178)
(3074,3692)
(2108,1762)
(1407,2046)
(1682,3599)
(186,648)
(1234,1450)
(2866,2910)
(2751,2522)
(2204,81)
(1378,1319)
(1388,3715)
(3220,1639)
(2715,2496)
(2292,678)
(386,77)
(216,3535)
(1765,3530)
(1218,614)
(3963,2373)
(1708,997)
(2591,2232)
(1279,2792)
(919,22)
(1415,3175)
(656,104)
(3368,1702)
(579,2240)
(156,1990)
(3832,1095)
(1617,401)
(2636,646)
(458,2295)
(118,2028)
(64,1257)
(153,2103)
(622,1313)
(2327,1053)
(2987,1146)
(1120,3930)
(3440,1630)
(2377,2241)
(446,951)
(2390,3180)
(2421,2113)
(2272,1656)
(1277,3376)
(3228,805)
(932,558)
(2626,2096)
(636,3021)
(421,3404)
(914,3083)
(2553,1491)
(614,26)
(2097,1274)
(3335,3702)
(1967,1233)
(280,454)
(507,1466)
(3655,3429)
(1194,185)
(3855,3676)
(1416,2182)
(1762,334)
(2695,1185)
(1028,1020)
(3942,17)
(3327,398)
(3302,112)
(1037,397)
(1882,3820)
(3014,740)
(98,2316)
(485,909)
(334,1903)
(749,2112)
(2176,957)
(3361,1128)
(3546,3149)
(1562,3042)
(1530,634)
(1999,3236)
(1414,937)
(3258,2048)
(848,1024)
(3863,3005)
(3072,1837)
(2162,1105)
(120,2892)
(70,1730)
(2235,363)
(1332,254)
(1007,2749)
(3806,3106)
(2860,452)
(403,362)
(1792,1706)
(3236,2781)
(3185,3072)
(984,2018)
(2115,2518)
(3317,1266)
(2874,1671)
(363,247)
(2225,458)
(1737,1214)
(790,2023)
(1644,2192)
(509,647)
(2174,257)
(3132,1367)
(3090,889)
(3887,3317)
(1781,2769)
(648,3511)
(768,2603)
(3167,3406)
(3353,679)
(980,2744)
(214,526)
(86,220)
(910,772)
(2692,64)
(488,3955)
(3364,204)
(1236,1428)
(432,2558)
(3793,1518)
(2634,1498)
(3849,974)
(420,3569)
(3455,3809)
(993,2049)
(2383,2569)
(2058,3121)
(3444,952)
(1042,1309)
(24,690)
(1,3486)
(637,1143)
(2752,3416)
(2907,942)
(974,706)
(2199,2334)
(2757,1046)
(3532,2386)
(3121,2180)
(3664,961)
(785,93)
(3961,655)
(687,1010)
(3631,1202)
(368,3452)
(1531,1892)
(1719,578)
(3025,3952)
(3017,3826)
(1680,3292)
(3573,1123)
(489,3785)
(3076,3281)
(2698,2450)
(1757,280)
(655,2711)
(2701,2521)
(3169,2799)
(1594,595)
(2852,1979)
(2318,215)
(268,483)
(418,238)
(3513,3703)
(1140,1628)
(1578,2767)
(3807,3352)
(3755,2844)
(3399,350)
(3179,3341)
(2899,227)
(2478,1504)
(208,1863)
(483,3542)
(293,2864)
(2183,1608)
(3675,3453)
(1789,1790)
(1383,1193)
(3016,188)
(2262,1604)
(3731,1386)
(939,2011)
(1005,1658)
(2593,2358)
(3504,3423)
(734,3462)
(3040,1426)
(1217,1479)
(1444,1994)
(3292,2553)
(2132,2994)
(2067,932)
(3908,3410)
(2085,2834)
(2050,3233)
(2930,1143)
(806,1114)
(2511,2900)
(3786,306)
(3202,272)
(2258,577)
(3749,3470)
(1479,491)
(3285,3909)
(1522,1246)
(1691,2458)
(3958,3222)
(2287,2206)
(1651,3036)
(1208,102)
(1332,2394)
(3592,1666)
(33,1674)
(2953,858)
(1396,3910)
(3524,2048)
(2033,705)
(1178,3270)
(3514,2623)
(3471,2157)
(2889,3245)
(755,48)
(923,3839)
(399,2409)
(444,1939)
(1296,1878)
(3792,2411)
(925,2608)
(3763,2851)
(1575,1448)
(3138,1993)
(2303,2610)
(152,348)
(3877,3264)
(1565,2706)
(1349,774)
(2756,886)
(990,2406)
(775,2122)
(3510,3935)
(1537,385)
(735,1733)
(3939,3611)
(2149,304)
(199,966)
(723,1332)
(117,1415)
(3179,1864)
(93,1078)
(3425,386)
(1161,320)
(2428,1812)
(2305,2150)
(902,1578)
(3052,1090)
(2946,1476)
(2387,3754)
(3531,54)
(1174,3925)
(1329,1885)
(2057,2701)
(215,3720)
(3676,3118)
(3925,3700)
(116,673)
(1604,1247)
(1505,410)
(105,1096)
(1924,1423)
(2424,3003)
(198,2355)
(740,266)
(400,1891)
(1242,1645)
(3613,194)
(2516,1740)
(3308,228)
(1880,1913)
(985,2523)
(2381,1602)
(3486,1973)
(3776,574)
(2598,988)
(1732,3953)
(3901,3466)
(1251,1502)
(266,42)
(1760,1531)
(1079,1801)
(2712,1596)
(861,3065)
(164,450)
(852,3652)
(2192,2081)
(1470,3654)
(1962,1265)
(1660,969)
(2518,1918)
(2075,2715)
(3927,117)
(3050,1267)
(999,2439)
(104,3466)
(744,214)
(3354,3778)
(3561,2234)
(3408,2942)
(3860,2734)
(720,2199)
(365,2579)
(2798,3211)
(1469,3325)
(2267,3411)
(890,1814)
(2850,2563)
(1267,527)
(2234,3701)
(1513,798)
(2911,2697)
(1169,3302)
(2734,1811)
(3249,931)
(2253,1751)
(2539,2271)
(203,3002)
(3130,1550)
(934,2430)
(2161,3868)
(3632,900)
(3629,3869)
(88,2722)
(3563,3794)
(1481,1081)
(58,3600)
(2398,358)
(179,2980)
(1128,1881)
(1669,2134)
(279,3304)
(407,618)
(393,1988)
(3606,759)
(1026,3086)
(2687,3958)
(370,2000)
(1556,3908)
(2499,1063)
(2290,168)
(1104,2744)
(1629,1395)
(1379,1279)
(706,1127)
(2232,1916)
(3086,1744)
(3068,2320)
(3594,2889)
(833,3880)
(1667,132)
(1731,2223)
(2036,421)
(894,2184)
(3053,2992)
(2426,3583)
(660,3606)
(766,1908)
(2526,2173)
(2782,782)
(2320,3625)
(3572,3737)
(2549,2701)
(478,211)
(540,2503)
(2208,2145)
(830,2335)
(195,2763)
(1176,3290)
(583,237)
(3676,489)
(846,2574)
(3047,1465)
(2743,485)
(1229,3673)
(3372,511)
(3441,1724)
(1504,2506)
(289,383)
(3216,2838)
(3542,3115)
(2882,1166)
(3570,803)
(3392,3954)
(1792,3354)
(38,3272)
(3581,3147)
(3115,65)
(1697,3015)
(355,731)
(3780,125)
(3432,728)
(1269,1791)
(213,162)
(2111,2922)
(2709,2263)
(359,1529)
(1301,1116)
(1621,2091)
(1382,730)
(34,2668)
(3268,796)
(2663,2813)
(2257,299)
(491,3140)
(3160,929)
(1210,2111)
(2338,1896)
(36,1732)
(1553,3897)
(2738,217)
(1116,3289)
(1966,2917)
(2091,1317)
(3697,2148)
(2238,1278)
(2019,840)
(845,3948)
(2532,62)
(1083,2835)
(3140,1797)
(2524,2434)
(1221,1017)
(2189,1779)
(362,361)
(1359,899)
(1774,2989)
(3897,2205)
(3250,3030)
(189,2211)
(520,1414)
(2895,3280)
(2435,1558)
(412,1995)
(3680,3009)
(2363,901)
(3248,920)
(138,507)
(2211,3931)
(1291,1956)
(1360,2152)
(3085,1537)
(3927,826)
(2044,2821)
(519,41)
(3284,3316)
(286,1929)
(703,3033)
(1326,2140)
(34,79)
(809,423)
(528,1989)
(3453,2148)
(2153,2374)
(2453,1258)
(2892,3585)
(1532,2146)
(1017,1950)
(1036,1705)
(2116,2943)
(1892,376)
(3395,2996)
(1035,810)
(2007,1352)
(1718,2546)
(2666,3327)
(131,2733)
(3370,1397)
(2507,3819)
(1618,2070)
(3023,1668)
(1566,1190)
(3545,1349)
(3700,670)
(2661,3048)
(2510,3052)
(2702,2805)
(2989,2245)
(2979,2714)
(1095,2764)
(2971,1350)
(988,3840)
(1310,1717)
(2079,3874)
(2575,2986)
(274,27)
(3044,2509)
(715,528)
(1109,3430)
(3894,2636)
(1405,827)
(371,2633)
(3785,1049)
(835,640)
(3641,2319)
(2546,1164)
(927,3116)
(597,1211)
(2152,1232)
(3556,3427)
(3411,3872)
(2522,2664)
(3600,2732)
(654,2619)
(3754,3407)
(2074,490)
(1393,1424)
(2281,839)
(2494,44)
(2191,995)
(1436,3781)
(418,1088)
(3108,3565)
(2092,198)
(1747,3399)
(2227,2858)
(3345,3302)
(2839,1941)
(1545,3805)
(3643,2783)
(3005,2617)
(3834,1373)
(920,1873)
(1939,2343)
(44,1320)
(2779,823)
(1861,1802)
(3771,1544)
(3693,2109)
(1628,3371)
(3171,2909)
(656,2869)
(1019,2166)
(1025,69)
(1451,2077)
(3917,2855)
(32,2472)
(730,1597)
(2617,1769)
(981,1273)
(3264,2078)
(204,2427)
(1373,2330)
(1037,338)
(1330,3117)
(640,3934)
(2609,3832)
(1517,668)
(2168,584)
(3574,1996)
(1228,1206)
(686,1039)
(1541,3312)
(346,2278)
(1591,841)
(1081,1788)
(3714,1926)
(1101,3337)
(3850,176)
(1157,1625)
(1996,2275)
(2145,542)
(3312,466)
(469,2163)
(2396,1380)
(3720,52)
(738,3534)
(1788,600)
(564,3646)
(1733,2629)
(3145,462)
(1585,3006)
(1887,734)
(31,1511)
(1878,710)
(3530,3854)
(2686,2774)
(1584,3893)
(2463,3891)
(350,882)
(2240,1733)
(3175,20)
(442,842)
(3671,3403)
(84,943)
(819,797)
(1716,1764)
(674,1977)
(3753,3488)
(3492,3831)
(2124,729)
(2814,1824)
(694,3314)
(768,323)
(438,1216)
(2544,1344)
(883,1158)
(2614,2529)
(3081,3073)
(2577,2796)
(916,2326)
(2538,2106)
(2489,2653)
(2024,2620)
(794,3899)
(970,3213)
(3359,2170)
(2981,1173)
(2744,72)
(2412,1269)
(401,3913)
(369,3659)
(2803,3261)
(521,2272)
(3673,811)
(635,3332)
(2104,3326)
(2572,300)
(1347,1430)
(2955,2365)
(3891,3311)
(2041,713)
(48,2164)
(3114,3704)
(2133,782)
(1480,255)
(2704,1043)
(652,2329)
(2998,2584)
(1858,3914)
(2,2480)
(3739,555)
(1259,2268)
(518,1154)
(516,2616)
(2608,1565)
(616,3433)
(2100,817)
(2201,2103)
(89,3446)
(2461,2063)
(3921,1271)
(207,342)
(291,3443)
(2387,891)
(3657,1180)
(1717,2482)
(2620,3273)
(244,3900)
(3015,3167)
(1661,968)
(2594,1845)
(2948,1799)
(2592,3318)
(3237,525)
(1940,719)
(1063,2841)
(3931,2127)
(2849,3019)
(1715,1726)
(1398,2630)
(3747,624)
(3316,2006)
(1186,2401)
(2127,2333)
(3775,420)
(3744,444)
(2059,1644)
(1348,851)
(391,2440)
(2407,603)
(871,946)
(2708,1324)
(2047,75)
(2974,509)
(3589,1676)
(3682,2313)
(3254,991)
(2315,1021)
(1754,2962)
(3475,1589)
(2325,3843)
(2374,664)
(2329,3347)
(2473,3451)
(1758,3568)
(2425,170)
(1489,3733)
(822,411)
(1273,2044)
(653,2906)
(2867,1129)
(606,68)
(2146,3667)
(2869,3901)
(3070,29)
(134,3322)
(1866,207)
(480,1976)
(3874,2708)
(3525,1457)
(560,749)
(2555,2233)
(3195,533)
(1889,148)
(3928,3422)
(1306,1482)
(2348,1714)
(3494,2104)
(2550,2045)
(2761,2571)
(88,1002)
(297,2581)
(3025,1282)
(290,1847)
(2992,3398)
(3379,2042)
(617,683)
(2983,2868)
(2395,3680)
(177,3749)
(3598,1394)
(1881,751)
(2099,2743)
(3021,3155)
(19,826)
(2043,3001)
(2349,3593)
(1900,2811)
(2766,133)
(804,139)
(3838,1155)
(3093,2705)
(3685,225)
(2843,3817)
(3342,3697)
(1557,270)
(1184,870)
(765,585)
(2935,1568)
(595,3815)
(3844,1487)
(3559,2131)
(2602,2967)
(1675,2015)
(2736,1822)
(1155,1536)
(3001,1467)
(3636,2800)
(1694,1104)
(787,154)
(892,738)
(3599,2861)
(1435,222)
(860,703)
(254,3779)
(2245,428)
(331,717)
(1333,2471)
(3800,871)
(1544,3635)
(2506,2627)
(847,3553)
(1074,744)
(2801,3127)
(2581,150)
(3521,2422)
(466,2479)
(2484,778)
(2388,1239)
(3553,1170)
(3092,1574)
(3962,1253)
(2366,2444)
(1637,1187)
(1709,2230)
(1778,1388)
(1816,1378)
(1313,1650)
(2550,2053)
(2479,2560)
(3648,2808)
(1023,1765)
(1190,2483)
(1187,2870)
(1165,3313)
(2533,903)
(508,252)
(78,3131)
(1427,3825)
(3126,359)
(2160,1251)
(2373,1513)
(1700,2340)
(2308,1421)
(1997,2659)
(1410,1007)
(3919,3790)
(1977,963)
(122,2143)
(2434,3560)
(2603,433)
(175,1937)
(1870,2059)
(308,3251)
(18,3082)
(3405,1240)
(3635,845)
(2408,2965)
(2512,440)
(3647,1718)
(1421,1454)
(2807,12)
(3624,2303)
(2257,2054)
(1869,2683)
(1337,3757)
(250,580)
(3066,2403)
(894,2990)
(2773,625)
(1899,2090)
(3449,3078)
(1276,3655)
(390,1310)
(39,1137)
(3027,3515)
(3176,2513)
(1495,1653)
(625,2084)
(580,1028)
(3482,3265)
(2193,2248)
(107,3378)
(1047,3190)
(50,2947)
(1394,2305)
(140,691)
(128,23)
(3304,1975)
(2815,3018)
(2248,3113)
(2637,1838)
(859,175)
(2442,254)
(3183,3104)
(2725,2922)
(2613,3904)
(935,701)
(2000,2468)
(563,1641)
(3822,444)
(3186,448)
(1747,3110)
(2459,2235)
(1052,2741)
(869,3741)
(3104,2745)
(3245,508)
(906,2485)
(2915,1920)
(3192,623)
(3637,138)
(2092,2276)
(2342,1927)
(517,1117)
(2052,1953)
(1428,1934)
(1513,2331)
(725,1283)
(2528,588)
(46,3950)
(15,1945)
(3208,3552)
(998,1882)
(2300,3297)
(271,692)
(47,757)
(1615,1686)
(1523,1876)
(978,3651)
(2202,676)
(423,500)
(3810,1556)
(206,2376)
(2371,270)
(3722,136)
(3827,2021)
(1051,1281)
(2231,78)
(700,628)
(3107,3364)
(3462,3871)
(2597,3417)
(96,914)
(1634,3056)
(2978,1599)
(136,3164)
(3007,147)
(2046,2613)
(1029,17)
(1668,865)
(23,316)
(3481,3862)
(252,3514)
(2995,3293)
(1699,1677)
(1521,3296)
(704,3949)
(3639,1610)
(815,2651)
(1985,3895)
(3852,3493)
(643,2298)
(585,2014)
(2122,2846)
(3293,2481)
(1624,2740)
(3006,242)
(1613,2937)
(2936,2766)
(2347,3300)
(3517,197)
(2747,464)
(1483,354)
(1423,348)
(2743,3861)
(1783,335)
(496,1815)
(3773,2974)
(1971,905)
(324,2139)
(1954,2172)
(2907,2082)
(2934,3870)
(3144,2190)
(2078,642)
(3011,1394)
(743,178)
(1875,2830)
(1970,1941)
(1993,2785)
(1571,1619)
(275,3298)
(2403,436)
(742,1027)
(1673,3012)
(431,3629)
(2413,495)
(1827,2672)
(3870,3059)
(2875,3209)
(3061,2080)
(2785,950)
(1905,1975)
(1432,2728)
(3716,3770)
(2082,2771)
(1114,1508)
(2230,2348)
(1598,2085)
(26,1111)
(2397,3714)
(1429,2344)
(2298,1884)
(2728,3786)
(3772,208)
(3271,2291)
(3736,2725)
(162,277)
(3118,3785)
(2062,469)
(2562,2290)
(1884,2953)
(2379,66)
(1170,1058)
(1859,1691)
(1519,3605)
(2030,3339)
(3468,994)
(3729,2791)
(1914,2772)
(3477,1633)
(2491,413)
(995,2942)
(2648,3218)
(2011,223)
(505,3133)
(2870,904)
(3649,451)
(374,3382)
(1058,1238)
(691,2660)
(1950,32)
(531,2997)
(2960,983)
(3324,219)
(994,3162)
(3811,747)
(2848,2239)
(904,641)
(3055,3833)
(3323,279)
(2691,1914)
(1968,813)
(1817,3089)
(3357,129)
(488,1272)
(879,2171)
(2912,1798)
(1681,688)
(442,711)
(3128,1532)
(2172,794)
(1240,3395)
(2309,3716)
(3024,1250)
(3808,1004)
(2615,3402)
(1710,1006)
(1646,2727)
(3496,2346)
(1268,838)
(593,2847)
(2554,1327)
(3480,3288)
(3947,1660)
(3621,1708)
(1493,2209)
(982,960)
(510,3898)
(3148,2308)
(903,927)
(1687,1311)
(2088,2178)
(2157,1877)
(2355,2276)
(1769,2050)
(1361,1097)
(194,263)
(650,2886)
(827,149)
(1020,985)
(351,2130)
(3718,1225)
(2274,2427)
(2178,3776)
(1442,283)
(352,1527)
(1943,3883)
(2215,1109)
(1618,2100)
(3306,1066)
(2975,2151)
(760,3718)
(3783,2833)
(2796,2983)
(1303,3101)
(931,3556)
(283,852)
(991,836)
(2745,1151)
(2521,686)
(345,1823)
(952,530)
(2816,1192)
(2809,3366)
(2671,1922)
(314,2464)
(3528,2341)
(3880,820)
(7,2996)
(1151,3050)
(2190,1335)
(2605,956)
(1746,1880)
(3710,3307)
(1601,3911)
(327,752)
(3407,3240)
(124,1433)
(239,2731)
(701,360)
(731,2270)
(3603,2713)
(851,742)
(1633,186)
(1592,484)
(2427,1026)
(1437,544)
(2783,3964)
(885,2798)
(2901,1262)
(3301,2252)
(944,350)
(42,775)
(3661,667)
(2956,3816)
(741,2607)
(1904,426)
(3124,1816)
(3934,2191)
(74,1850)
(465,2652)
(1283,1242)
(315,468)
(3587,532)
(872,2369)
(256,1074)
(972,217)
(426,1503)
(14,259)
(285,3365)
(3539,2020)
(419,2826)
(1974,1969)
(2560,271)
(3164,2135)
(472,1696)
(171,1635)
(454,581)
(807,1667)
(2787,1500)
(3495,560)
(2764,137)
(2135,2533)
(3226,2247)
(3397,895)
(3256,1403)
(3329,2508)
(567,1736)
(1500,3550)
(1698,3212)
(3874,3496)
(2748,3250)
(1836,3650)
(2150,50)
(3071,534)
(1862,2364)
(1775,2661)
(812,2337)
(1345,3512)
(953,3158)
(1093,987)
(1377,1739)
(3534,2656)
(825,3419)
(3728,3445)
(2372,2024)
(2765,2036)
(3064,2468)
(1832,3026)
(1199,2876)
(169,1068)
(3678,3448)
(737,2751)
(1424,2242)
(2775,2383)
(2391,1222)
(187,2133)
(2737,767)
(295,1496)
(9,2435)
(1701,3306)
(1284,3492)
(2966,1716)
(3448,2194)
(2369,224)
(2011,1024)
(106,2545)
(1486,356)
(2683,3409)
(2624,1515)
(343,3013)
(3194,2894)
(20,2514)
(1751,3951)
(562,2216)
(1022,3119)
(2847,1833)
(1177,3203)
(950,3537)
(3177,651)
(2545,1688)
(2922,1383)
(3689,1301)
(1963,2918)
(3537,918)
(3854,2756)
(1263,3686)
(676,1634)
(3020,2969)
(2285,367)
(2797,1553)
(3853,854)
(306,933)
(702,441)
(3930,1982)
(668,2462)
(2646,753)
(2969,1359)
(2237,621)
(824,3350)
(3322,2830)
(858,1381)
(1356,121)
(3100,229)
(2203,3356)
(901,399)
(2881,1636)
(2096,1687)
(3913,3257)
(2034,1291)
(1189,2801)
(2103,1746)
(460,3172)
(1024,2425)
(651,345)
(1117,3608)
(3670,498)
(440,1032)
(2786,2443)
(1482,3640)
(1256,3725)
(1597,210)
(644,463)
(3225,1036)
(2443,2116)
(3859,1935)
(2107,2067)
(907,2790)
(3443,166)
(170,3615)
(2671,447)
(1770,3163)
(2633,3502)
(3204,3621)
(2254,1299)
(3254,836)
(2423,2954)
(2945,1367)
(1714,1124)
(3436,1890)
(2822,938)
(1452,2256)
(1417,368)
(3097,2695)
(3593,2385)
(541,2575)
(2898,2362)
(2954,2971)
(3548,2649)
(2687,564)
(2438,2927)
(3381,336)
(2431,1045)
(612,2669)
(3146,2940)
(2513,540)
(2627,501)
(3305,2500)
(1959,1019)
(3123,1626)
(2071,30)
(182,3915)
(2141,804)
(1983,965)
(1018,2494)
(3951,558)
(793,2860)
(3367,3664)
(3465,2418)
(996,477)
(1577,3303)
(1363,2681)
(3184,685)
(341,2071)
(218,3165)
(245,3481)
(3652,2195)
(926,3040)
(2369,2018)
(666,2358)
(477,3171)
(684,3732)
(1784,3434)
(1739,953)
(3358,253)
(6,2739)
(402,3435)
(3311,1665)
(2037,2793)
(675,1132)
(3046,3381)
(3781,2438)
(611,3520)
(2354,547)
(1490,1541)
(242,1245)
(2311,2991)
(530,2395)
(3935,3850)
(1331,2007)
(2567,2902)
(536,492)
(2774,3674)
(3872,586)
(577,2595)
(1473,2888)
(1191,941)
(629,2138)
(3036,1341)
(2351,2237)
(865,2959)
(742,2221)
(1119,3408)
(2081,2144)
(3334,3927)
(3784,3196)
(839,3932)
(2960,1846)
(3391,282)
(1305,1001)
(3128,146)
(1933,2265)
(3187,1986)
(1264,3287)
(130,3129)
(1395,674)
(756,2153)
(607,3698)
(455,2526)
(425,1868)
(3129,694)
(1217,1963)
(1988,476)
(1766,635)
(3533,2853)
(3723,233)
(2576,258)
(1147,425)
(3769,3797)
(2125,3516)
(2753,1957)
(681,1033)
(2139,970)
(2385,3037)
(3234,502)
(608,2879)
(1358,2803)
(618,2032)
(2277,3024)
(3478,53)
(2017,2391)
(2460,1221)
(1724,1509)
(999,830)
(1330,2770)
(3263,329)
(3136,1554)
(1105,3597)
(1297,1071)
(547,2673)
(1730,1363)
(3896,2322)
(2222,3208)
(382,872)
(1872,3587)
(2037,762)
(1043,3263)
(2805,1231)
(3344,1346)
(2420,2033)
(2361,2315)
(2322,2)
(3878,2384)
(3390,3143)
(3617,1288)
(3796,1181)
(3650,2760)
(2529,2483)
(2416,213)
(3239,2817)
(3547,2447)
(1595,1814)
(3181,2609)
(762,3866)
(678,89)
(77,2495)
(673,1907)
(3890,3830)
(3907,3956)
(1858,1940)
(682,409)
(840,1942)
(546,3220)
(709,1296)
(3242,201)
(1760,771)
(899,1846)
(602,2437)
(2909,592)
(75,892)
(384,1633)
(2831,3090)
(2419,2535)
(3565,1329)
(1506,152)
(1689,2034)
(414,3231)
(3926,3661)
(224,2784)
(80,2691)
(2657,1468)
(1286,161)
(1956,2022)
(87,3163)
(239,1411)
(2500,2243)
(2841,2236)
(1676,1113)
(134,1621)
(1602,3049)
(3139,1523)
(3583,1617)
(2003,3168)
(3274,1818)
(1300,2976)
(1247,1924)
(1146,3555)
(163,3010)
(2473,2165)
(2897,2984)
(3355,2657)
(1092,408)
(1596,891)
(1705,2543)
(3208,2562)
(3429,653)
(2943,2867)
(29,2897)
(3022,3324)
(343,2818)
(799,308)
(263,2802)
(2543,3525)
(2482,2188)
(3375,3558)
(2063,3331)
(3056,660)
(3865,1752)
(913,2587)
(2498,658)
(3879,1125)
(1720,633)
(3816,2880)
(448,1888)
(142,1377)
(1350,3745)
(3944,2996)
(453,866)
(357,351)
(3389,3449)
(688,2492)
(2573,1524)
(1335,2478)
(3474,3421)
(1302,2839)
(2393,2908)
(3305,689)
(2483,3224)
(247,2850)
(1166,917)
(3499,3767)
(3157,2941)
(1654,341)
(3795,859)
(1456,2865)
(1082,1119)
(3924,3827)
(1823,256)
(1088,3685)
(3603,3691)
(1133,1512)
(2493,405)
(2941,177)
(1371,1609)
(1568,1654)
(1222,2565)
(2223,2323)
(2678,2160)
(265,787)
(901,394)
(2417,2600)
(193,2597)
(405,3873)
(2770,839)
(2879,1777)
(2077,2994)
(2673,880)
(2558,847)
(2326,2277)
(3266,1627)
(2990,2726)
(2436,3276)
(573,2560)
(2049,2388)
(1909,3872)
(1549,1566)
(3314,5)
(223,2196)
(3452,475)
(3943,1254)
(1458,3464)
(2402,1637)
(726,1548)
(1319,439)
(2076,2108)
(769,88)
(2588,3039)
(2113,1742)
(273,3368)
(3428,159)
(2855,3478)
(2455,508)
(3174,3319)
(2073,1012)
(814,663)
(2291,2174)
(867,2466)
(2345,2716)
(2857,1270)
(1663,379)
(3460,3548)
(3281,3201)
(1655,3562)
(728,2819)
(443,2488)
(1666,2912)
(3352,2408)
(1796,84)
(480,3660)
(1863,1289)
(8,3501)
(2749,2807)
(2676,3094)
(842,837)
(1782,3882)
(2492,36)
(764,2690)
(188,2773)
(1650,3765)
(1386,3047)
(1380,2748)
(1459,3207)
(3423,3823)
(3213,549)
(2802,1962)
(3506,3957)
(1467,2280)
(183,1664)
(264,781)
(3554,2648)
(3261,39)
(732,520)
(1820,2776)
(2690,1495)
(3669,1264)
(2834,2193)
(3610,2921)
(5,662)
(2194,971)
(1341,3160)
(3823,2505)
(300,1682)
(911,3739)
(549,107)
(1084,85)
(1989,1136)
(772,2524)
(3711,2806)
(3609,2037)
(3424,3019)
(3287,422)
(1202,2637)
(2432,2041)
(3083,2704)
(2937,2244)
(3719,412)
(3338,1084)
(2216,2056)
(705,1971)
(1852,1302)
(3941,3204)
(559,3197)
(876,497)
(2674,2702)
(3278,925)
(2480,1640)
(596,218)
(1294,3444)
(1403,1992)
(2219,1780)
(3018,779)
(3923,1593)
(828,1405)
(3847,2618)
(3761,3641)
(3665,3761)
(3446,2310)
(2083,1807)
(2182,3334)
(2778,1958)
(1588,1354)
(2810,2515)
(2357,991)
(2406,3111)
(2643,3102)
(45,1294)
(439,3926)
(1357,1099)
(2310,15)
(347,3837)
(3347,1727)
(3232,2582)
(1953,1473)
(3591,278)
(868,1629)
(2865,2924)
(1099,978)
(2249,1338)
(3089,1974)
(3359,3722)
(2743,3067)
(201,3499)
(2639,1440)
(1895,568)
(57,620)
(1475,182)
(2400,607)
(3295,629)
(3219,1587)
(3111,1093)
(1851,2525)
(2191,1094)
(3516,493)
(1546,610)
(223,3687)
(3540,199)
(2561,113)
(1808,1292)
(451,799)
(685,3485)
(716,2010)
(2804,1461)
(3296,1786)
(302,1513)
(2906,2995)
(2490,3198)
(68,1699)
(1425,3137)
(3422,1867)
(2623,1522)
(3235,2934)
(2346,1711)
(3586,3029)
(2891,1488)
(1671,1057)
(2523,766)
(110,1416)
(1949,3938)
(1815,3717)
(2684,1961)
(1735,1192)
(2035,3531)
(3029,3517)
(3538,3136)
(3367,380)
(729,1680)
(1570,3602)
(3886,697)
(620,1075)
(282,3527)
(750,2177)
(2826,3642)
(1723,2206)
(504,3278)
(3653,212)
(1260,2449)
(2635,2121)
(2693,3759)
(380,1964)
(1632,3360)
(1502,1441)
(1123,1709)
(1564,2780)
(896,570)
(486,1164)
(1412,2835)
(856,3208)
(2343,3801)
(2197,1784)
(626,1204)
(748,2804)
(152,1223)
(2722,3132)
(415,1460)
(821,2527)
(2933,2890)
(2697,346)
(1164,2002)
(1811,783)
(1525,3373)
(3247,926)
(3873,115)
(3595,1432)
(1397,1825)
(3825,3294)
(2004,455)
(613,2576)
(763,416)
(2689,13)
(3223,599)
(3373,3135)
(958,3041)
(115,2893)
(2129,2474)
(801,3824)
(3141,3769)
(416,3237)
(2864,3888)
(1463,3479)
(1201,430)
(1289,3590)
(3902,260)
(1441,534)
(1636,3239)
(2825,594)
(3741,499)
(398,1693)
(2586,1241)
(1131,1879)
(2477,372)
(3667,3320)
(233,833)
(3765,3944)
(1744,1925)
(1239,3468)
(1433,2857)
(1159,3766)
(711,1121)
(2148,1305)
(1896,2419)
(3523,1560)
(2592,1723)
(292,1091)
(1402,893)
(147,446)
(3912,1678)
(3170,2342)
(1286,1306)
(803,1755)
(354,1936)
(3458,1684)
(1678,2606)
(249,1044)
(1369,343)
(2585,809)
(511,3946)
(696,1886)
(2982,453)
(2915,364)
(3208,187)
(1518,391)
(1016,3623)
(973,2685)
(2965,155)
(1942,565)
(1156,3309)
(2025,3230)
(537,1480)
(942,1707)
(501,1966)
(1420,2654)
(829,677)
(1057,3836)
(2552,1413)
(2279,1853)
(2336,2416)
(3960,2512)
(1246,3385)
(2179,1829)
(634,2533)
(2505,3718)
(2367,2445)
(1860,1741)
(3227,3616)
(1375,1456)
(2795,3519)
(1149,2404)
(2117,1733)
(642,2544)
(2208,296)
(626,3572)
(2084,352)
(376,3572)
(2269,1126)
(90,4)
(1317,244)
(520,1442)
(746,3001)
(2089,2284)
(3374,1198)
(1219,2570)
(2877,3338)
(3529,2210)
(3113,1412)
(1838,2043)
(3402,3783)
(1995,2005)
(2823,542)
(135,3109)
(539,232)
(3384,1669)
(3654,2463)
(2005,2265)
(1077,2328)
(3058,3789)
(3833,3834)
(3190,3038)
(623,239)
(1366,1425)
(2793,1025)
(1318,3057)
(222,1196)
(3959,3709)
(2411,3191)
(269,1985)
(552,1594)
(987,1904)
(3789,3666)
(1230,3933)
(2972,784)
(521,2034)
(3694,1789)
(1665,1919)
(1254,2691)
(174,3957)
(3396,2453)
(3709,315)
(692,465)
(1510,2948)
(2213,1042)
(1126,3023)
(784,14)
(2110,1195)
(2713,2875)
(1364,1059)
(1323,553)
(3501,3202)
(1612,3727)
(3909,3603)
(3695,3751)
(325,3238)
(1645,2306)
(2921,3062)
(1185,814)
(670,1148)
(1245,1415)
(3770,1051)
(3417,2787)
(3732,3393)
(3238,1576)
(2612,2101)
(2557,1334)
(565,2375)
(2908,3284)
(3634,3335)
(535,3567)
(1227,2231)
(1181,3818)
(2813,788)
(3469,1698)
(3033,2999)
(3601,1546)
(3626,3141)
(3567,2717)
(471,1819)
(2068,743)
(490,1345)
(2283,3476)
(3645,3450)
(2846,825)
(2950,596)
(1626,3538)
(2447,6)
(683,2259)
(3805,3340)
(2669,2025)
(197,1199)
(2368,2517)
(3098,1642)
(1837,1591)
(1964,1580)
(779,869)
(255,2765)
(1902,3000)
(1927,2878)
(3386,2520)
(2517,877)
(1994,2594)
(2894,3226)
(3756,1830)
(2339,665)
(1257,3007)
(545,1865)
(3608,1483)
(1756,2788)
(1016,3188)
(1205,1469)
(3964,169)
(3222,473)
(3431,1803)
(3310,3475)
(2386,3962)
(1854,3613)
(1478,434)
(2323,3810)
(3349,3682)
(2278,1041)
(1406,339)
(2102,3286)
(796,3735)
(3557,962)
(1527,396)
(2028,2874)
(1325,958)
(2794,1343)
(3454,2224)
(3668,2510)
(3237,2217)
(885,314)
(3611,3943)
(1938,3835)
(1859,911)
(3333,1551)
(1292,281)
(2830,3902)
(2771,3020)
(1908,3079)
(3060,1826)
(406,849)
(1579,3723)
(854,1325)
(1652,2129)
(2628,3389)
(119,1165)
(3738,3595)
(2767,2993)
(1515,3508)
(160,2161)
(568,989)
(1511,1353)
(1182,2548)
(971,2073)
(791,2968)
(969,2722)
(1867,1600)
(2382,2380)
(3903,2737)
(2209,1721)
(506,1418)
(2827,1585)
(1124,3148)
(1136,2635)
(1154,2777)
(548,539)
(2794,3580)
(616,2281)
(1248,571)
(2820,3156)
(1795,1747)
(1499,1022)
(2650,1713)
(1090,427)
(63,2058)
(1328,2431)
(3410,1065)
(1984,1177)
(1142,3622)
(1065,1810)
(1464,3064)
(121,3668)
(125,1606)
(2167,187)
(2457,727)
(2658,868)
(482,3961)
(3946,3415)
(1501,18)
(3703,3859)
(1100,2099)
(727,2710)
(1980,3484)
(2008,231)
(3415,2931)
(2502,1859)
(3026,1482)
(1011,1652)
(1419,1539)
(1658,3755)
(3277,2417)
(1931,16)
(231,3436)
(3768,2379)
(1444,3053)
(1249,1156)
(3000,58)
(379,1631)
(378,890)
(601,332)
(91,1931)
(3413,2154)
(845,3186)
(555,467)
(2470,2684)
(3760,3123)
(3843,98)
(979,619)
(1001,1944)
(1857,3016)
(3508,3266)
(1688,1016)
(3488,2382)
(554,2297)
(1635,61)
(1143,3631)
(2779,2194)
(2331,3305)
(1771,808)
(3302,1449)
(3742,3528)
(2306,205)
(3727,2639)
(30,3657)
(1477,1679)
(1212,3549)
(609,1073)
(2462,1632)
(3900,1983)
(2688,3748)
(2265,3377)
(3950,3894)
(2245,3507)
(1946,760)
(500,1408)
(2653,3051)
(3037,755)
(808,2951)
(2720,2421)
(1912,1015)
(1922,2343)
(945,3173)
(3325,1061)
(337,864)
(1529,2650)
(2301,2881)
(1846,1494)
(2401,3916)
(2910,923)
(1841,1800)
(956,402)
(2854,1135)
(2762,163)
(3450,1673)
(1589,3942)
(178,2614)
(2700,1682)
(3217,2928)
(1061,1938)
(2061,2354)
(1702,2677)
(2359,3259)
(3819,853)
(3154,856)
(802,1402)
(73,2735)
(2920,2076)
(1167,2596)
(1990,2149)
(1322,293)
(1066,2311)
(468,1834)
(79,2755)
(1929,671)
(1503,2567)
(1975,3070)
(259,1220)
(3948,986)
(1351,964)
(1392,1234)
(887,3477)
(1457,3035)
(1645,3386)
(1576,1763)
(523,2539)
(3911,479)
(3,2640)
(3762,347)
(3430,1382)
(628,2123)
(2239,2238)
(1960,2966)
(1763,3187)
(880,2283)
(3861,318)
(3341,1306)
(2993,1140)
(3585,3126)
(2324,1356)
(3660,1169)
(3119,3077)
(2907,3473)
(3702,1118)
(2114,2052)
(2537,3814)
(237,916)
(2488,2872)
(1307,1531)
(3706,3612)
(2503,3490)
(2020,358)
(947,3269)
(1897,2095)
(1261,572)
(3782,3543)
(1677,3485)
(3512,1561)
(1268,654)
(2970,2175)
(3019,1586)
(1196,3425)
(225,672)
(3704,236)
(2120,2920)
(298,2979)
(3575,2935)
(324,3857)
(1930,2561)
(1561,869)
(877,3743)
(1822,2017)
(2487,3936)
(1040,1009)
(3579,1308)
(1076,3457)
(319,2926)
(3165,1303)
(1590,1138)
(1072,180)
(3075,2580)
(3743,83)
(3045,1910)
(3433,3061)
(3833,1149)
(157,3392)
(1648,2789)
(1046,2393)
(2465,3506)
(1476,1648)
(2439,3848)
(2158,2292)
(543,1342)
(67,333)
(718,1874)
(1733,793)
(159,116)
(241,3447)
(1828,2347)
(1685,3604)
(908,1771)
(1342,2013)
(759,1205)
(664,1894)
(1353,40)
(375,982)
(1555,2694)
(1340,1657)
(2514,631)
(2888,638)
(3313,1880)
(40,1409)
(989,3255)
(1821,2372)
(3385,1827)
(698,3844)
(3922,2187)
(2842,2176)
(1690,1912)
(3584,2873)
(2726,3349)
(150,3510)
(967,2476)
(3362,3579)
(3766,848)
(1894,2412)
(1952,1286)
(3082,1915)
(2521,1142)
(3925,3892)
(212,3463)
(2105,1869)
(3809,192)
(470,1559)
(262,1806)
(251,2775)
(173,1385)
(3497,815)
(2680,164)
(3817,3628)
(1454,2029)
(3191,1011)
(12,2243)
(1470,3845)
(427,3777)
(2252,3677)
(3841,1327)
(2566,309)
(2133,785)
(3752,876)
(1292,2262)
(2645,3223)
(1935,2644)
(1137,795)
(3677,846)
(424,414)
(386,419)
(2923,241)
(1327,922)
(2670,1839)
(430,1364)
(3412,3757)
(1992,2203)
(1608,944)
(3378,3546)
(3630,3920)
(1009,733)
(795,3375)
(2599,234)
(3734,3465)
(3196,765)
(1402,481)
(1389,2092)
(1890,3879)
(1728,1458)
(1599,96)
(3188,3581)
(1122,1697)
(733,1369)
(2719,1704)
(3814,1607)
(2917,1361)
(113,1836)
(3110,2189)
(1522,1179)
(895,1194)
(3127,2831)
(3686,111)
(2040,627)
(965,1501)
(335,518)
(3437,2003)
(1920,327)
(1487,921)
(2595,456)
(1223,3252)
(2251,2296)
(850,2083)
(937,307)
(153,3157)
(2951,1526)
(191,2390)
(2325,2504)
(1051,3351)
(1786,3145)
(2340,3142)
(3403,179)
(588,2956)
(1936,1582)
(1945,741)
(452,1072)
(1115,2080)
(3276,1510)
(1548,3154)
(1526,2493)
(2664,360)
(1959,3412)
(3916,2114)
(757,948)
(243,131)
(4,1287)
(2629,939)
(3578,3096)
(3651,449)
(3519,97)
(3837,3730)
(2878,191)
(676,659)
(3839,1991)
(1091,2686)
(3153,993)
(294,3176)
(905,2915)
(3197,100)
(3952,3254)
(3954,2308)
(3687,761)
(2913,1089)
(839,1520)
(304,1984)
(2991,3747)
(2559,1649)
(2883,3810)
(1606,525)
(3319,250)
(3459,3076)
(2481,3728)
(2651,3077)
(467,418)
(2564,1917)
(1721,537)
(2926,128)
(2863,3618)
(1567,2352)
(2304,3043)
(1324,910)
(631,536)
(3199,569)
(2610,2588)
(392,3807)
(2988,3346)
(1003,2958)
(2256,1417)
(2454,998)
(410,3369)
(924,3846)
(1087,1601)
(2255,3905)
(2317,2228)
(3346,3418)
(3699,2501)
(1186,2682)
(1994,3529)
(3131,597)
(1662,2987)
(1767,3028)
(109,2642)
(2812,2628)
(2053,764)
(591,3)
(805,1326)
(3321,3043)
(248,2271)
(1554,2289)
(3777,1519)
(714,261)
(3028,3554)
(3869,3918)
(2642,1861)
(863,255)
(2353,3929)
(2640,287)
(2098,1438)
(3043,3713)
(1806,1047)
(2072,971)
(11,1681)
(2615,3229)
(85,714)
(55,57)
(2668,3219)
(1050,3045)
(909,313)
(2501,885)
(104,1688)
(1439,2047)
(1365,1038)
(2185,2605)
(1979,1284)
(322,3296)
(882,695)
(1484,60)
(1252,559)
(3821,3771)
(2186,1675)
(1238,3847)
(2313,2932)
(3707,1923)
(2647,2578)
(1865,1778)
(3096,640)
(3830,2810)
(3162,1588)
(3143,801)
(3419,3890)
(747,3182)
(3320,2960)
(881,2446)
(1923,1372)
(641,2643)
(421,2452)
(3842,1050)
(820,3353)
(3207,1003)
(1883,2970)
(2358,1243)
(1726,7)
(1540,1357)
(2255,305)
(3813,2213)
(1254,80)
(2838,1331)
(837,2293)
(1351,3097)
(1932,2426)
(305,349)
(914,2490)
(2389,2688)
(2986,165)
(643,2060)
(3401,835)
(2727,1396)
(646,617)
(1497,745)
(3077,1)
(1200,562)
(1864,1851)
(3257,680)
(1640,2537)
(2128,355)
(835,2670)
(1207,2040)
(1102,1821)
(960,2516)
(2065,736)
(3949,998)
(3659,377)
(1839,2721)
(3416,1280)
(3905,2963)
(3898,773)
(662,1144)
(915,2573)
(922,3564)
(2699,513)
(2571,1321)
(3662,1462)
(1426,2634)
(3042,875)
(2574,949)
(3564,2413)
(1280,687)
(2818,3586)
(1488,2370)
(2415,2955)
(3149,1465)
(383,874)
(3275,519)
(1315,3712)
(2504,3941)
(3558,1949)
(1243,1528)
(3280,2852)
(3737,3442)
(3527,1431)
(3616,3540)
(2790,119)
(3470,1533)
(1524,415)
(1514,1008)
(3147,972)
(3013,2957)
(1619,698)
(3876,2307)
(3486,3017)
(2600,1954)
(1110,3362)
(2170,3607)
(2345,1507)
(3032,675)
(752,2911)
(822,1452)
(2731,1773)
(2307,626)
(1609,2601)
(1507,821)
(1972,1295)
(2394,2105)
(1773,3438)
(2607,1525)
(3038,1167)
(1813,3329)
(2652,2537)
(2632,3391)
(2601,763)
(377,1842)
(2328,1980)
(1869,3071)
(1955,1572)
(2705,1188)
(2360,99)
(689,1215)
(166,2219)
(3884,3355)
(133,1817)
(673,1470)
(1743,601)
(2337,1443)
(3134,1573)
(1572,2586)
(1275,2547)
(3868,34)
(3829,221)
(1776,3456)
(2247,595)
(2066,612)
(3039,3277)
(522,2904)
(2380,2982)
(2175,3215)
(2582,28)
(1614,424)
(3642,2976)
(1605,605)
(771,2978)
(3550,507)
(1783,3658)
(3269,632)
(3456,311)
(1612,3242)
(2392,2977)
(3163,3672)
(1064,2300)
(544,2501)
(1725,1096)
(3658,3523)
(2621,1218)
(2200,3912)
(3161,1792)
(584,2925)
(3445,3372)
(2282,2557)
(462,46)
(2876,2471)
(3168,3152)
(1181,2625)
(3447,1497)
(2792,2484)
(1824,1947)
(3393,1307)
(1150,3856)
(837,3014)
(3717,3235)
(3612,1690)
(570,3472)
(3515,3942)
(2471,2758)
(1844,382)
(1810,902)
(3751,2400)
(1891,2254)
(2540,3804)
(3955,3388)
(2967,86)
(2732,1900)
(1911,1132)
(3224,906)
(1620,2312)
(2458,656)
(3804,1557)
(3095,897)
(2918,2903)
(3614,2832)
(918,2367)
(1978,930)
(3845,2895)
(3229,1134)
(2297,3828)
(2289,1226)
(3030,3283)
(1281,3865)
(3230,1930)
(920,2378)
(1706,715)
(2903,2137)
(220,611)
(498,3216)
(3737,2345)
(409,3853)
(933,1219)
(1134,3903)
(598,1725)
(1982,3764)
(2742,992)
(229,1662)
(2557,2491)
(284,1189)
(2682,216)
(2198,120)
(866,431)
(3337,2489)
(180,1347)
(2485,1052)
(289,2768)
(1381,2823)
(708,3858)
(3764,344)
(2342,1013)
(2740,2257)
(776,1141)
(1868,2794)
(3696,802)
(3009,3063)
(1112,1887)
(2570,3180)
(1653,3068)
(3858,2655)
(2618,3058)
(1639,1203)
(3371,2636)
(145,528)
(1285,552)
(2587,3274)
(3343,457)
(1354,3959)
(2428,1506)
(717,1563)
(587,3489)
(3102,2972)
(2375,3170)
(2316,460)
(817,3027)
(3541,1535)
(2250,1103)
(3851,3958)
(3562,3200)
(3289,3705)
(3646,470)
(1384,843)
(832,246)
(373,1534)
(1917,792)
(1103,325)
(2660,774)
(2871,2563)
(1973,1268)
(420,724)
(1425,1734)
(3288,3469)
(2924,2185)
(2996,1213)
(936,200)
(1845,1393)
(724,3634)
(1740,535)
(1547,2183)
(599,512)
(661,2156)
(234,3247)
(574,2074)
(898,243)
(2707,3831)
(3182,3813)
(3940,1571)
(1070,1471)
(2156,471)
(3065,1545)
(3952,1083)
(1447,1106)
(2365,3260)
(2914,2499)
(2630,3699)
(2449,2799)
(2001,1793)
(1162,1079)
(3272,746)
(3787,575)
(2195,2368)
(3159,3161)
(2584,935)
(2169,487)
(2221,1100)
(238,940)
(575,3386)
(527,1352)
(3435,3620)
(3536,2169)
(1089,3596)
(3438,3125)
(2236,3643)
(1981,1401)
(621,2448)
(3502,1112)
(3175,3601)
(3620,3505)
(1840,2700)
(3125,3557)
(3273,389)
(64,1987)
(141,1472)
(238,1948)
(2902,31)
(2772,2946)
(1885,1407)
(2949,3004)
(479,777)
(493,1550)
(3615,2227)
(389,202)
(3135,3060)
(1472,1120)
(367,2392)
(1882,1398)
(1969,1328)
(2686,2678)
(2739,1866)
(3004,1182)
(1241,791)
(884,818)
(632,2336)
(1643,2663)
(3473,769)
(798,1376)
(1986,1623)
(2121,1624)
(667,1569)
(1593,3647)
(3691,2713)
(977,3085)
(3062,2814)
(1059,1277)
(2694,1844)
(1957,1159)
(1107,2973)
(2579,616)
(2542,1643)
(3818,43)
(3418,3745)
(551,756)
(3054,908)
(2835,1760)
(2547,223)
(92,496)
(258,1782)
(3400,3500)
(1560,2457)
(3490,563)
(3841,3564)
(502,264)
(28,2087)
(161,3179)
(1163,2816)
(2027,2939)
(3439,3855)
(2117,1445)
(2758,114)
(1696,602)
(775,3752)
(1509,2008)
(3467,546)
(235,2086)
(928,2396)
(3745,1459)
(2446,3205)
(1071,209)
(2760,3711)
(114,1419)
(2042,3011)
(1649,1356)
(2284,1189)
(1907,1080)
(1693,2843)
(437,1069)
(2730,2824)
(1272,3380)
(200,3093)
(1683,2317)
(2811,1748)
(494,3210)
(3835,1651)
(2273,1420)
(1898,3521)
(2784,3413)
(2399,87)
(1842,862)
(1127,289)
(1581,1229)
(149,522)
(2137,49)
(2780,2738)
(2445,3268)
(1308,2475)
(1231,2066)
(1574,2522)
(2404,479)
(2808,3315)
(2679,3217)
(1274,3509)
(69,2579)
(3723,2862)
(321,3736)
(21,330)
(100,3192)
(3713,177)
(680,515)
(534,288)
(2205,2849)
(2166,1543)
(619,2975)
(3936,521)
(3774,682)
(3767,25)
(2009,1383)
(3684,3370)
(3200,3740)
(344,1712)
(176,226)
(226,160)
(1772,3237)
(1001,1820)
(3799,3851)
(2497,2866)
(1422,3774)
(3443,172)
(1096,480)
(810,2204)
(2775,2854)
(1712,337)
(3740,340)
(2433,2198)
(778,977)
(2022,3475)
(3918,563)
(2409,2351)
(786,919)
(2015,173)
(3491,495)
(1791,1535)
(281,2530)
(949,3645)
(3041,94)
(1701,1612)
(1818,156)
(2622,3708)
(2696,1145)
(243,2912)
(3026,1952)
(1158,2260)
(2530,73)
(158,721)
(3708,1312)
(2536,776)
(309,1775)
(3790,158)
(3360,3710)
(1948,3791)
(3815,3194)
(2983,529)
(658,1967)
(1125,2286)
(1183,1972)
(610,301)
(973,696)
(1474,2944)
(2466,1783)
(1252,3069)
(1278,1951)
(2060,1200)
(3426,955)
(2806,1040)
(2286,3690)
(1203,2992)
(1711,2720)
(1779,3876)
(1086,1175)
(2723,1172)
(2799,816)
(2886,1918)
(2654,10)
(831,1261)
(3283,1928)
(2856,3773)
(1172,1062)
(542,806)
(1704,2809)
(475,1701)
(2469,702)
(2207,3880)
(3633,2534)
(940,550)
(3622,1794)
(3509,1694)
(408,887)
(961,2696)
(1000,541)
(1288,2856)
(3222,3032)
(719,3784)
(2611,3806)
(1642,1318)
(1665,1787)
(945,832)
(550,1076)
(1831,2554)
(3920,3888)
(3904,3886)
(1067,1399)
(62,2294)
(3442,2675)
(1010,3357)
(3505,1139)
(17,2255)
(1603,3088)
(1446,1101)
(2962,206)
(3152,3775)
(1399,342)
(1987,3522)
(434,543)
(1139,67)
(3218,2825)
(1624,1770)
(3618,2923)
(2944,2933)
(2894,3867)
(1919,378)
(707,2689)
(3522,1685)
(2441,3193)
(165,666)
(1755,2538)
(2777,2064)
(316,2729)
(3193,1906)
(2769,1858)
(3831,2126)
(1729,3849)
(713,1728)
(2912,1832)
(260,3675)
(2548,3455)
(2187,732)
(1309,3248)
(1030,24)
(3201,249)
(2160,292)
(3112,3721)
(2721,995)
(157,1339)
(444,1670)
(46,888)
(1759,1054)
(3122,819)
(2266,524)
(3331,3780)
(411,3947)
(1989,814)
(2925,1392)
(2224,3491)
(3721,3497)
(2080,184)
(1092,316)
(3520,1872)