3964
(1,0,-0)
(2,-312.569,-23.6845)
(3,1034.45,1655.36)
(4,-2682.91,1925.45)
(5,-3487.52,1366.36)
(6,280.656,1555.51)
(7,-999.198,216.608)
(8,-3543.56,1099.5)
(9,-1174.89,-500.266)
(10,1413.07,910.353)
(11,956.276,2193.99)
(12,111.084,253.636)
(13,85.5089,287.328)
(14,2425.83,111.64)
(15,1269.85,-1713.85)
(16,-3053.08,1919.34)
(17,-1501.91,1114.17)
(18,-3327.84,1742.98)
(19,-1712.74,738.779)
(20,-1896.87,979.85)
(21,1371.7,2173.97)
(22,-969.397,1210.58)
(23,-1661.47,1524.04)
(24,93.1813,299.448)
(25,-1165.55,890.56)
(26,1025.44,-1385.49)
(27,-228.061,1808.03)
(28,697.637,2433.83)
(29,-4339.05,960.168)
(30,1392.83,499.154)
(31,151.447,110.417)
(32,693.745,1991.5)
(33,1165.66,-152.782)
(34,-813.28,-82.6178)
(35,887.336,1723.97)
(36,891.227,2289.17)
(37,-1709.18,1263.51)
(38,-1193.01,943.489)
(39,265.867,-101.41)
(40,-50.2601,203.709)
(41,1156.65,2723.16)
(42,-632.143,-302.784)
(43,-71.4983,-380.509)
(44,-575.1,883.332)
(45,754.68,-242.071)
(46,1693.05,1370.37)
(47,419.761,-1108.84)
(48,-3224.76,1733.2)
(49,-1298.2,520.837)
(50,-131.877,99.5195)
(51,321.576,1939.02)
(52,-435.439,1668.26)
(53,-614.018,501.044)
(54,446.336,2031.98)
(55,285.437,1425.96)
(56,-1224.03,-279.655)
(57,286.549,1430.86)
(58,-617.688,-90.7351)
(59,1464.77,825.734)
(60,267.757,1441.53)
(61,-1208.58,-214.606)
(62,746.896,272.428)
(63,1485.12,1505.8)
(64,334.586,2301.4)
(65,621.802,1199.24)
(66,876.55,-342.369)
(67,2434.61,426.766)
(68,-226.726,-25.2412)
(69,717.986,-11.2307)
(70,-432.659,303.562)
(71,1500.69,-475.358)
(72,772.36,-215.162)
(73,708.534,637.147)
(74,754.013,-184.472)
(75,1104.72,413.089)
(76,-3604.94,877.439)
(77,455.788,1862.52)
(78,2030.53,1783.68)
(79,-809.61,-83.6186)
(80,-557.643,127.763)
(81,-922.473,508.606)
(82,-2388.02,1840.16)
(83,-655.161,-236.734)
(84,2064.56,1854.18)
(85,1422.74,565.093)
(86,-180.025,-1599.76)
(87,454.12,584.329)
(88,-1062.36,665.279)
(89,1212.8,-1714.74)
(90,-2493.66,1990.17)
(91,-3063.53,1903.21)
(92,-1667.37,277.543)
(93,-1076.48,-428.99)
(94,-3132.92,1863.4)
(95,610.127,-958.945)
(96,-90.1791,437.107)
(97,500.155,2433.39)
(98,1365.47,2195.99)
(99,-3535.44,1356.69)
(100,263.866,1985.61)
(101,1910,1180.45)
(102,-1027.55,1372.03)
(103,2321.97,206.489)
(104,-791.041,489.925)
(105,-1046.46,1710.07)
(106,-833.406,480.028)
(107,348.596,1889.98)
(108,537.071,859.982)
(109,1770.33,-1017.66)
(110,-1405.06,838.632)
(111,-1378.82,724.991)
(112,-1078.37,1736.98)
(113,-2108.14,1479.11)
(114,-1986.27,1253.61)
(115,-627.584,153.227)
(116,551.86,844.414)
(117,-1697.17,867.765)
(118,1778.23,-414.201)
(119,-1079.7,502.823)
(120,1428.74,1177.44)
(121,-2873.05,1905.88)
(122,766.8,-28.0211)
(123,12.7874,35.6936)
(124,-1424.18,925.92)
(125,-957.277,1626.78)
(126,-3282.59,1755.32)
(127,1198.35,472.245)
(128,-1654.36,1529.26)
(129,-1209.36,-140.55)
(130,-3523.54,1366.14)
(131,394.631,160.788)
(132,1535.38,2656.34)
(133,431.992,-522.727)
(134,-3577.59,1683.38)
(135,1457.88,819.618)
(136,-1261.28,1571.52)
(137,794.933,462.904)
(138,596.561,1183)
(139,1767.44,-423.653)
(140,-618.577,234.288)
(141,422.763,2010.18)
(142,1246.38,2036.76)
(143,-701.64,348.818)
(144,-1868.96,1319.77)
(145,542.631,450.895)
(146,-1167.77,477.582)
(147,334.03,2342.99)
(148,-2475.42,1997.84)
(149,1784.46,1638.79)
(150,-833.184,-110.305)
(151,-494.595,1389.71)
(152,581.661,850.752)
(153,-986.633,497.597)
(154,-3517.65,957.611)
(155,-229.506,1799.25)
(156,-2550.37,1837.16)
(157,-3503.64,1318.22)
(158,-1422.18,875.215)
(159,558.31,843.08)
(160,-826.401,-84.7305)
(161,517.835,-45.9235)
(162,-3553.9,1362.81)
(163,1682.16,2757.3)
(164,-572.876,374.949)
(165,1246.16,2789.88)
(166,745.562,-201.263)
(167,-3930.41,938.708)
(168,-873.881,-305.675)
(169,-3483.4,1324)
(170,-1108.06,-432.437)
(171,-1065.14,-77.6141)
(172,747.119,-193.813)
(173,-3545.01,1026.55)
(174,-616.909,384.957)
(175,-1863.07,1620.33)
(176,-833.851,-91.0686)
(177,-938.263,401.414)
(178,1979.83,1864.96)
(179,2136.83,-1890.2)
(180,-1145.64,-497.153)
(181,372.058,2042.32)
(182,331.583,-338.033)
(183,-625.916,201.152)
(184,766.8,-23.2397)
(185,-189.699,-6.89409)
(186,-1962.37,1612.66)
(187,-976.069,-373.837)
(188,215.496,1882.75)
(189,2365.56,381.399)
(190,-184.917,1837.94)
(191,2158.18,-1510.25)
(192,2349.77,183.916)
(193,586.442,1033.22)
(194,1565.85,-180.136)
(195,1094.83,919.693)
(196,1235.71,2028.2)
(197,-1970.49,1324.55)
(198,-3323.62,1724.97)
(199,-3541.56,1648.91)
(200,-1502.8,1670.37)
(201,-1127.18,832.961)
(202,189.476,1545.94)
(203,-546.412,566.093)
(204,357.603,1902.55)
(205,-1069.14,416.203)
(206,-1226.92,-88.5112)
(207,331.138,1583.53)
(208,1920.11,1101.5)
(209,380.954,1863.74)
(210,1832.16,1894.32)
(211,-1594.98,1202.68)
(212,942.488,411.755)
(213,-3585.15,1370.59)
(214,1274.18,2197.55)
(215,-403.415,1676.26)
(216,-1274.29,1104.28)
(217,-703.086,514.054)
(218,-610.905,1367.25)
(219,1394.38,1719.85)
(220,-33.9145,-1628.34)
(221,773.694,557.087)
(222,484.365,1809.92)
(223,-1085.26,-429.212)
(224,1289.42,-480.473)
(225,-838.966,406.529)
(226,-829.848,-87.5104)
(227,-495.818,872.213)
(228,769.358,-233.732)
(229,686.517,-2022.97)
(230,-1400.94,420.206)
(231,-186.252,-294.667)
(232,325.023,1921.34)
(233,-3403.45,1672.93)
(234,2121.71,-2253.7)
(235,223.057,-21.0158)
(236,-2061,1348.68)
(237,1351.46,2037.31)
(238,-812.279,345.038)
(239,244.184,1947.58)
(240,-249.855,-1511.36)
(241,1269.62,1716.4)
(242,-1580.08,910.353)
(243,369.501,186.919)
(244,-3456.27,1664.59)
(245,-1379.48,844.97)
(246,444.335,1642.35)
(247,510.051,-654.493)
(248,-2382.68,1851.73)
(249,1041.23,974.179)
(250,-2448.18,2172.75)
(251,1343.9,2753.3)
(252,1855.18,1444.42)
(253,377.952,1592.31)
(254,-3713.02,1601.1)
(255,-3240.55,1756.32)
(256,1111.95,2153.73)
(257,-1626,1016.99)
(258,-551.082,635.59)
(259,2420.38,120.424)
(260,-3722.69,1740.87)
(261,1432.64,555.863)
(262,794.599,1611.1)
(263,1598.09,-173.464)
(264,-367.833,1695.28)
(265,-3550.12,907.795)
(266,-662.833,-294.222)
(267,68.9409,706.755)
(268,679.957,1249.61)
(269,-1088.38,-428.656)
(270,-1759.88,1230.15)
(271,-450.117,-104.523)
(272,-3616.39,1102.16)
(273,1936.68,1109.5)
(274,-218.832,1817.59)
(275,-470.466,-465.128)
(276,-5.33736,335.142)
(277,-3530.77,1361.58)
(278,803.828,390.628)
(279,-4279.45,953.83)
(280,-3803.2,1697.5)
(281,666.947,629.363)
(282,-760.684,-128.875)
(283,-778.253,-162.456)
(284,-1454.1,699.083)
(285,-1250.05,1633.12)
(286,721.544,155.451)
(287,1123.29,1665.81)
(288,-3672.88,1716.74)
(289,196.704,1930.57)
(290,-495.04,801.048)
(291,730.106,-204.932)
(292,-3671.66,1644.13)
(293,-2372.23,1996.39)
(294,1958.59,-295.111)
(295,142.107,496.819)
(296,1275.63,707.978)
(297,-827.179,-114.976)
(298,20.9046,1839.83)
(299,539.629,458.012)
(300,2106.14,274.095)
(301,-1819.48,879.997)
(302,72.8327,291.22)
(303,-3043.74,1931.12)
(304,-2667.01,1857.51)
(305,-1503.47,1134.74)
(306,2335.54,-1565.29)
(307,-827.624,-128.541)
(308,-837.965,93.1813)
(309,-2890.85,911.242)
(310,479.028,1944.35)
(311,502.712,-58.7109)
(312,-2443.17,2004.51)
(313,1313.32,1067.03)
(314,-3779.52,1747.98)
(315,416.314,1978.38)
(316,-1701.28,1514.14)
(317,-1218.47,-232.62)
(318,1173.44,1042.34)
(319,-1661.25,1548.28)
(320,1633.79,1533.71)
(321,1451.2,345.26)
(322,1548.06,1499.8)
(323,-3838.56,1726.19)
(324,323.355,1867.96)
(325,-164.235,-81.7283)
(326,420.762,-111.529)
(327,1836.83,442)
(328,1848.62,1889.2)
(329,132.1,487.812)
(330,1366.03,2186.98)
(331,2118.82,-78.9484)
(332,-3750.72,1487.9)
(333,2423.16,423.208)
(334,-3400.01,986.966)
(335,-30.801,86.9544)
(336,-584.441,403.971)
(337,402.303,2038.2)
(338,-855.2,473.69)
(339,162.901,-206.6)
(340,-1695.06,1246.61)
(341,1394.16,523.617)
(342,364.497,1600.65)
(343,-1981.72,1381.93)
(344,418.204,2034.42)
(345,1062.13,2122.82)
(346,1759.99,452.119)
(347,1090.16,2420.27)
(348,580.66,824.177)
(349,-1499.8,1136.75)
(350,172.575,365.164)
(351,-2439.62,2070.34)
(352,255.971,1892.09)
(353,-1222.7,-247.965)
(354,2143.5,766.244)
(355,1058.24,345.26)
(356,-458.568,725.658)
(357,-2443.84,2079.23)
(358,-568.206,392.963)
(359,1515.36,1248.16)
(360,-2334.32,1975.16)
(361,-307.454,1513.03)
(362,-284.881,1531.93)
(363,496.041,-607.903)
(364,1889.42,452.675)
(365,722.656,-13.4546)
(366,1140.97,-129.097)
(367,-3554.9,1632.68)
(368,-1014.21,694.412)
(369,1537.05,196.037)
(370,-1303.32,1703.4)
(371,1250.83,-173.019)
(372,-975.068,1084.37)
(373,-1448.09,115.42)
(374,-1318.77,28.6883)
(375,-239.403,1799.58)
(376,-108.415,379.508)
(377,1516.03,230.507)
(378,568.095,879.218)
(379,362.273,-1945.58)
(380,909.241,-354.267)
(381,-688.185,358.826)
(382,1220.92,-473.579)
(383,196.37,1918.89)
(384,-1939.35,1584.75)
(385,2019.3,-1013.32)
(386,470.577,1859.74)
(387,-1884.09,1333.12)
(388,329.359,2076.57)
(389,207.712,1534.05)
(390,602.343,-1002.53)
(391,1998.73,1697.39)
(392,-76.0573,1827.93)
(393,-1531.15,1235.71)
(394,781.812,-24.6853)
(395,-2369.34,1837.05)
(396,261.308,1888.76)
(397,-899.011,468.353)
(398,1972.6,1322.33)
(399,804.606,-28.1323)
(400,1593.98,-508.494)
(401,958.611,1840.05)
(402,2460.52,459.902)
(403,-243.072,1555.51)
(404,-13.2322,337.81)
(405,-664.278,206.823)
(406,1.89031,343.926)
(407,-222.056,1560.18)
(408,-1762.11,1472.55)
(409,-2973.69,1899.77)
(410,1355.35,231.063)
(411,-947.714,598.34)
(412,-2033.09,2046.43)
(413,456.566,-126.206)
(414,-597.895,487.923)
(415,-3666.32,1392.72)
(416,-1051.57,1736.64)
(417,1918.67,1159.87)
(418,-778.587,406.195)
(419,463.794,1874.64)
(420,1275.74,773.25)
(421,-3223.43,1758.55)
(422,1206.58,1665.7)
(423,-401.08,907.128)
(424,-596.116,489.035)
(425,485.922,1678.49)
(426,290.33,73.3887)
(427,-2510.89,1987.94)
(428,-390.072,-396.188)
(429,-207.823,1825.26)
(430,-3717.58,904.793)
(431,1887.31,-137.993)
(432,2324.97,338.366)
(433,-3826,1729.64)
(434,1562.73,-636.257)
(435,-1072.7,416.647)
(436,1199.57,459.68)
(437,-2260.82,1861.29)
(438,-175.688,766.911)
(439,-52.5952,1565.96)
(440,1247.05,556.419)
(441,928.811,2450.96)
(442,-852.42,-295.223)
(443,425.209,1212.58)
(444,81.8395,585.219)
(445,-1404.84,434.439)
(446,354.045,2381.35)
(447,76.5021,618.8)
(448,-1272.74,1673.37)
(449,-2012.29,1516.14)
(450,-560.2,366.61)
(451,-811.056,70.9424)
(452,-1150.65,-489.814)
(453,1846.5,-151.336)
(454,-3809.43,1713.96)
(455,-1661.7,1400.28)
(456,1712.29,1568.29)
(457,446.67,1216.03)
(458,1973.71,1727.08)
(459,625.916,-968.619)
(460,1388.71,2220.9)
(461,-227.727,-1438.31)
(462,1688.72,1376.82)
(463,-4359.17,971.621)
(464,4.89258,43.0324)
(465,-401.858,-72.0543)
(466,-521.838,-90.4015)
(467,-756.57,406.862)
(468,415.535,1988.17)
(469,963.726,2167.41)
(470,7.45006,323.911)
(471,839.744,1198.01)
(472,688.964,700.75)
(473,-67.3841,338.366)
(474,1883.2,-2471.2)
(475,-1090.04,784.925)
(476,-1540.61,1282.3)
(477,-1391.83,389.071)
(478,-1565.74,1185.67)
(479,400.302,560.422)
(480,-1075.25,1717.85)
(481,1531.27,1479.45)
(482,312.124,139.55)
(483,651.713,1252.61)
(484,279.766,-1211.47)
(485,1274.52,1026.77)
(486,34.804,-145.888)
(487,1408.73,620.912)
(488,-496.708,313.014)
(489,-1540.83,1308.88)
(490,-1642.79,1881.64)
(491,-1370.59,455.454)
(492,-1929.9,1052.79)
(493,-901.012,1250.28)
(494,-1276.96,463.127)
(495,-691.966,-407.529)
(496,-1728.86,311.568)
(497,-588.221,-240.959)
(498,1069.58,-81.2835)
(499,-1815.48,1908.66)
(500,-429.991,907.128)
(501,-3.44704,-1165.66)
(502,-371.613,1707.4)
(503,1227.04,-145.665)
(504,2200.55,-44.9228)
(505,-4022.48,949.16)
(506,1081.04,1599.21)
(507,540.519,1160.21)
(508,1861.29,1434.97)
(509,-607.68,496.152)
(510,981.406,1175)
(511,1249.05,317.128)
(512,1337.45,1842.83)
(513,-2095.47,1398.05)
(514,377.729,1200.13)
(515,957.388,1940.13)
(516,-611.016,470.132)
(517,1992.95,986.855)
(518,-24.7965,76.5021)
(519,1144.08,2709.93)
(520,-825.622,-152.115)
(521,-1479.11,1133.52)
(522,1772.56,1626.34)
(523,-2405.15,1840.39)
(524,1425.85,212.382)
(525,-1010.98,1688.05)
(526,1308.21,2201.55)
(527,1212.25,-170.795)
(528,546.301,445.447)
(529,-1504.91,1291.75)
(530,725.769,-236.512)
(531,175.799,1926.45)
(532,278.543,-1829.16)
(533,-4135.67,955.498)
(534,-3677.77,1718.07)
(535,-294.889,1753.99)
(536,-1932.68,1026.33)
(537,-3246.56,1748.65)
(538,674.953,1609.32)
(539,316.238,1934.12)
(540,2001.29,-266.312)
(541,1341.23,2839.7)
(542,1280.41,661.387)
(543,1529.26,-630.475)
(544,-3806.2,1764.44)
(545,1888.65,460.013)
(546,-1925.12,1672.59)
(547,1629.45,-660.72)
(548,315.349,1928.68)
(549,341.924,1887.98)
(550,-722.545,339.033)
(551,-670.061,-144.998)
(552,-1350.68,1625)
(553,-1838.72,871.212)
(554,-582.661,381.732)
(555,-719.654,414.646)
(556,-1076.48,1759.77)
(557,427.544,1887.87)
(558,954.942,2040.09)
(559,270.092,1993.39)
(560,-3368.87,1486.79)
(561,-3047.07,969.397)
(562,1158.32,683.738)
(563,2015.07,-191.811)
(564,-10.1187,329.026)
(565,2053.1,-1620.22)
(566,509.495,-569.096)
(567,17.7912,217.052)
(568,-803.828,-92.5142)
(569,1206.13,2743.62)
(570,-624.137,-381.399)
(571,420.762,1914.33)
(572,-647.488,414.312)
(573,-484.143,-167.682)
(574,-1696.17,1907.44)
(575,-1118.4,423.43)
(576,2382.13,391.517)
(577,1749.54,1592.98)
(578,1117.62,896.009)
(579,-1175.55,-485.477)
(580,-2299.96,2195.88)
(581,-3815.43,1716.52)
(582,1387.82,2154.29)
(583,1341.01,2033.2)
(584,480.251,1998.51)
(585,989.301,2155.62)
(586,-2392.47,2028.08)
(587,-1440.42,920.805)
(588,1706.4,650.713)
(589,359.938,-475.692)
(590,2023.08,351.154)
(591,1024.22,1651.13)
(592,-1399.83,366.943)
(593,1516.37,834.518)
(594,-3791.64,1632.56)
(595,-1409.06,1670.15)
(596,-613.018,1360.03)
(597,2044.76,1803.03)
(598,-1051.13,1719.85)
(599,1330.56,1833.83)
(600,325.579,2042.32)
(601,-3759.95,1511.47)
(602,712.871,684.071)
(603,-3680.89,1624.56)
(604,2334.87,341.591)
(605,491.593,-789.484)
(606,-215.941,-20.7935)
(607,-488.035,314.57)
(608,1231.37,443.445)
(609,1395.61,2124.82)
(610,-1822.04,882.332)
(611,-5.67094,-1646.57)
(612,-2217.89,1552.39)
(613,-540.741,583.551)
(614,1054.46,-1373.26)
(615,1385.16,431.77)
(616,738.779,-5.33736)
(617,1838.16,1238.16)
(618,-236.734,1562.4)
(619,1889.98,1752.32)
(620,288.773,1441.09)
(621,1012.32,-3.89182)
(622,-883.332,110.861)
(623,255.526,1960.59)
(624,-1212.47,853.643)
(625,243.962,1884.31)
(626,-43.2548,384.846)
(627,2079.12,-101.41)
(628,-4385.97,948.493)
(629,1452.32,-474.914)
(630,-1156.76,-498.264)
(631,-1939.57,1005.76)
(632,-3686.89,1418.18)
(633,-1202.68,-289.885)
(634,-1294.75,1673.48)
(635,164.013,235.288)
(636,-47.7026,709.98)
(637,-1221.25,860.871)
(638,-1037.89,1102.5)
(639,785.592,590.334)
(640,-3390.11,1637.12)
(641,2436.5,41.5869)
(642,1155.09,-1346.68)
(643,1143.86,629.586)
(644,-4356.28,967.062)
(645,-2412.82,1933.01)
(646,1763.33,1288.19)
(647,-605.901,497.486)
(648,-1985.94,1632.68)
(649,1132.19,605.568)
(650,88.2888,646.376)
(651,1047.79,2106.48)
(652,1261.4,-492.594)
(653,1160.54,334.808)
(654,51.4833,-63.9371)
(655,283.213,163.123)
(656,-744.784,467.575)
(657,-1548.72,859.87)
(658,1297.42,272.984)
(659,-564.314,1366.59)
(660,-564.648,1352.02)
(661,909.019,1204.02)
(662,-3479.18,1361.03)
(663,451.229,421.318)
(664,-744.228,-147.778)
(665,-2378.79,2010.96)
(666,1234.82,2777.98)
(667,-123.315,1590.64)
(668,-2063.56,1772.45)
(669,755.792,-158.453)
(670,55.931,198.594)
(671,730.995,52.9288)
(672,-858.981,405.417)
(673,546.078,846.972)
(674,1932.79,-883.444)
(675,-78.2812,325.023)
(676,-569.652,1372.81)
(677,-1647.91,1752.65)
(678,1191.68,-1707.06)
(679,-3490.08,1654.8)
(680,965.172,1920.23)
(681,2158.96,243.294)
(682,-2841.59,1902.99)
(683,1877.86,1213.92)
(684,-73.7222,340.59)
(685,-244.295,-6.11572)
(686,-823.065,-431.103)
(687,-1221.25,-200.373)
(688,918.692,2244.69)
(689,78.5036,285.437)
(690,95.6276,296.112)
(691,-569.429,279.544)
(692,-425.209,-79.838)
(693,1801.14,-1063.25)
(694,-3505.64,1370.03)
(695,278.21,378.73)
(696,1281.41,-560.089)
(697,856.312,575.323)
(698,1478.11,2303.96)
(699,315.238,2112.7)
(700,-4398.87,939.597)
(701,-2392.91,1957.48)
(702,911.131,2441.51)
(703,122.314,604.789)
(704,-3864.13,1731.31)
(705,1956.59,396.076)
(706,206.044,1939.68)
(707,91.9582,286.549)
(708,-915.245,1107.84)
(709,1250.5,1607.55)
(710,1240.38,1666.48)
(711,-887.113,-321.242)
(712,-1309.32,1692.28)
(713,-1425.19,904.015)
(714,1429.52,561.979)
(715,548.525,446.225)
(716,-4354.84,986.41)
(717,2145.62,-63.4923)
(718,-3633.18,1088.04)
(719,994.972,2122.82)
(720,-3520.76,984.742)
(721,-1415.73,868.655)
(722,-223.391,299.782)
(723,-3734.26,1559.51)
(724,1260.06,765.799)
(725,-1072.03,238.513)
(726,-987.411,-375.839)
(727,57.8214,34.9152)
(728,417.315,2102.14)
(729,1202.57,2310.74)
(730,1806.81,1936.79)
(731,1037.89,352.71)
(732,-824.399,-160.009)
(733,-2015.63,1400.72)
(734,1392.83,-230.841)
(735,-1162.77,-489.48)
(736,1348.57,1786.68)
(737,-2224.12,1837.38)
(738,1106.5,387.959)
(739,-981.629,1238.49)
(740,-706.755,-279.655)
(741,1282.97,-1692.5)
(742,1311.77,856.646)
(743,2014.96,1851.06)
(744,1242.6,2193.76)
(745,1335.56,1738.98)
(746,-1215.36,950.605)
(747,-4171.59,1108.61)
(748,1654.69,2042.21)
(749,-3364.54,1471.78)
(750,433.215,1903.43)
(751,193.924,-1193.79)
(752,1815.81,443.223)
(753,-3561.8,1670.7)
(754,-1283.08,1710.29)
(755,-3220.21,1734.64)
(756,-692.967,-153.894)
(757,364.386,-1121.73)
(758,-1304.54,472.912)
(759,-578.658,1342.01)
(760,-1588.75,1212.58)
(761,-1085.48,-433.66)
(762,702.085,-19.5703)
(763,-1056.24,1739.53)
(764,-42.5877,1851.62)
(765,1000.42,2153.29)
(766,-1996.95,2138.61)
(767,-1005.09,463.127)
(768,-3820.44,1720.19)
(769,-1070.7,662.277)
(770,-2025.08,1748.21)
(771,-165.347,394.297)
(772,1168.99,-2181.98)
(773,909.019,1205.8)
(774,-511.497,324.022)
(775,-603.232,-307.454)
(776,-1195.46,691.076)
(777,425.765,582.328)
(778,2135.72,-1145.42)
(779,-1366.92,1729.86)
(780,1224.48,1664.48)
(781,-373.615,1689.61)
(782,-1089.27,-440.554)
(783,-1165.88,592.335)
(784,2429.72,103.522)
(785,-1064.69,-422.541)
(786,-920.138,1166.66)
(787,-3527.55,929.923)
(788,-1770.33,1082.48)
(789,-940.153,1087.71)
(790,-1202.57,434.439)
(791,-1992.5,1551.28)
(792,1646.91,469.576)
(793,-1158.43,-486.033)
(794,1409.84,2429.16)
(795,296.001,-99.5195)
(796,580.66,-935.705)
(797,717.652,-27.1316)
(798,75.279,300.893)
(799,-823.065,82.3954)
(800,743.783,-750.677)
(801,-1678.49,1587.2)
(802,1520.81,1438.2)
(803,-1252.94,-14.6777)
(804,1751.1,-432.548)
(805,1186.78,600.453)
(806,1282.08,657.94)
(807,1591.53,2696.7)
(808,-799.38,258.862)
(809,-370.946,902.236)
(810,-874.103,538.295)
(811,1530.15,2811.34)
(812,89.9567,-81.8395)
(813,-1132.63,479.139)
(814,442.445,407.307)
(815,-66.717,8.6732)
(816,-559.31,-553.306)
(817,-1477.45,1021.44)
(818,-4102.65,1132.85)
(819,719.209,-30.801)
(820,-3449.49,1659.58)
(821,-12.565,353.266)
(822,-933.593,592.113)
(823,-548.969,45.3675)
(824,1524.26,-1540.61)
(825,-534.959,-315.571)
(826,-1707.4,777.92)
(827,1801.47,1649.24)
(828,1884.64,1690.83)
(829,-1638.57,1746.43)
(830,991.636,787.038)
(831,-614.463,397.855)
(832,424.431,1631.34)
(833,-3408.68,1671.26)
(834,-1478,1119.07)
(835,-3401.9,1641.68)
(836,-261.975,369.612)
(837,-814.169,-247.853)
(838,24.5741,-66.8282)
(839,744.45,-46.9243)
(840,2062.44,-1664.03)
(841,1267.62,434.55)
(842,-823.398,-263.532)
(843,-1488.9,1137.75)
(844,-490.37,335.586)
(845,-1261.73,1680.82)
(846,-524.84,682.07)
(847,2294.95,338.811)
(848,-1192.34,-485.588)
(849,2.66868,340.256)
(850,-793.265,25.686)
(851,1306.87,834.407)
(852,-765.243,-168.683)
(853,891.672,2428.94)
(854,-3069.09,1893.54)
(855,-1076.37,-29.4667)
(856,-945.379,-353.155)
(857,-1007.31,491.704)
(858,1218.81,654.16)
(859,-1840.72,1605.54)
(860,157.897,610.46)
(861,264.199,1884.98)
(862,1471.89,269.425)
(863,-3270.58,1761.77)
(864,396.299,2041.21)
(865,-791.819,1167.88)
(866,1863.52,-146.11)
(867,-53.04,107.414)
(868,1931.57,-823.954)
(869,-1541.5,1798.91)
(870,2187.98,236.734)
(871,-1413.73,911.02)
(872,1261.4,-482.141)
(873,1403.61,2271.16)
(874,197.927,1900.88)
(875,829.625,-1082.48)
(876,-601.231,-245.741)
(877,-699.305,-218.387)
(878,-1679.15,1049.35)
(879,174.465,205.933)
(880,1618,-639.482)
(881,417.426,-392.852)
(882,279.544,368.389)
(883,-49.8153,1906.1)
(884,-3641.3,1268.29)
(885,-3784.96,1751.1)
(886,-362.718,1556.4)
(887,-1858.62,1540.83)
(888,1712.96,1378.26)
(889,-1705.95,732.886)
(890,574.211,877.217)
(891,1630.56,-591.891)
(892,1101.61,401.525)
(893,1504.69,1462.44)
(894,-4336.05,991.748)
(895,-163.79,2.55748)
(896,-644.931,-386.958)
(897,1056.69,-115.198)
(898,369.501,194.369)
(899,-1298.31,722.322)
(900,885,1704.06)
(901,793.487,-28.9107)
(902,1586.64,1058.24)
(903,-1300.98,1676.6)
(904,2433.5,24.5741)
(905,1893.32,434.216)
(906,1887.31,1862.74)
(907,-1099.16,492.594)
(908,-860.871,272.094)
(909,1296.31,1056.24)
(910,1158.98,-2170.64)
(911,-683.293,425.988)
(912,426.989,1877.53)
(913,-2407.26,1833.16)
(914,-78.5036,443.557)
(915,-3539.78,1345.01)
(916,1367.48,2047.54)
(917,1020.88,1644.57)
(918,688.63,-906.461)
(919,-945.49,1191.79)
(920,-4317.92,974.401)
(921,1629.01,2082.46)
(922,-717.986,-453.564)
(923,1685.83,-1570.29)
(924,2022.19,-150.558)
(925,2309.63,-43.5884)
(926,2136.28,-2121.82)
(927,-1305.76,1681.04)
(928,-3160.94,1842.61)
(929,-806.942,1433.97)
(930,11.8979,383.511)
(931,-1793.8,782.701)
(932,916.913,2013.52)
(933,2336.21,-1534.6)
(934,2021.63,-1336.23)
(935,-2401.81,1952.14)
(936,-1490.79,1676.6)
(937,-827.846,-135.88)
(938,1282.08,290.664)
(939,-1164.88,-478.805)
(940,-749.565,340.256)
(941,-1082.93,1728.75)
(942,-1159.99,669.949)
(943,2066.89,1863.18)
(944,168.683,364.942)
(945,380.843,1608.99)
(946,-1416.4,907.684)
(947,-3733.48,1462.32)
(948,341.813,-1129.63)
(949,-484.476,692.856)
(950,781.7,-861.205)
(951,368.945,2408.7)
(952,730.773,-239.736)
(953,1308.1,2027.86)
(954,-1284.97,-28.6883)
(955,911.242,2376.9)
(956,2467.3,465.351)
(957,212.382,214.717)
(958,-3111.23,1877.86)
(959,1249.5,2289.5)
(960,-253.413,1793.24)
(961,832.072,-268.091)
(962,282.658,1904.55)
(963,1843.72,-847.194)
(964,344.704,293.777)
(965,-3382.1,1689.83)
(966,-3519.21,1644.24)
(967,-4359.95,976.847)
(968,30.3562,423.319)
(969,-988.078,599.007)
(970,328.025,1878.64)
(971,-597.673,145.665)
(972,-724.88,512.942)
(973,1223.92,-596.116)
(974,212.049,1950.47)
(975,-819.729,-112.307)
(976,-706.088,344.927)
(977,2091.47,-1084.48)
(978,-2004.84,1487.34)
(979,1866.74,1808.14)
(980,764.688,-206.6)
(981,-525.062,293.999)
(982,-243.183,1799.69)
(983,-1318.55,706.421)
(984,1326.33,-516.945)
(985,-2069.45,2200.77)
(986,-1263.95,1636.57)
(987,321.353,0.333585)
(988,1239.71,1993.61)
(989,-803.272,-96.2948)
(990,416.091,-109.638)
(991,-247.965,361.161)
(992,-2059.33,1326.89)
(993,328.136,1958.81)
(994,374.838,1931.46)
(995,-3438.15,1629.23)
(996,-1392.27,394.742)
(997,1276.3,2262.59)
(998,-3821.77,1744.54)
(999,1008.87,749.565)
(1000,1348.13,2825.35)
(1001,-3777.85,1719.52)
(1002,-1020.99,682.292)
(1003,1013.1,1148.98)
(1004,1057.02,1009.21)
(1005,1511.03,2656.34)
(1006,1145.75,-1292.31)
(1007,186.363,208.602)
(1008,1399.17,602.121)
(1009,-2029.31,1415.18)
(1010,-1212.8,-176.578)
(1011,-2451.29,2086.24)
(1012,-619.022,186.252)
(1013,2154.62,-1601.87)
(1014,1147.53,855.756)
(1015,1988.17,1626.11)
(1016,-820.396,506.048)
(1017,656.828,1974.49)
(1018,-541.186,883.444)
(1019,-1264.51,1703.84)
(1020,-2092.35,2206.89)
(1021,-2439.62,2012.85)
(1022,-9.11798,37.4727)
(1023,-429.88,1651.36)
(1024,-1161.1,-467.352)
(1025,705.754,-14.4553)
(1026,365.943,1900.77)
(1027,1318.44,860.426)
(1028,-2229.9,2201.66)
(1029,-1491.46,1113.51)
(1030,88.6224,302.005)
(1031,320.909,2040.65)
(1032,1238.71,575.545)
(1033,2138.83,249.744)
(1034,-476.693,835.407)
(1035,-865.653,531.957)
(1036,966.506,874.103)
(1037,-876.55,464.35)
(1038,1120.29,2380.91)
(1039,-817.394,-435.106)
(1040,-2033.09,1422.85)
(1041,1707.18,451.229)
(1042,-4323.48,986.855)
(1043,88.2888,477.36)
(1044,1046.79,957.611)
(1045,483.587,-684.738)
(1046,316.794,2039.87)
(1047,850.975,1637.35)
(1048,-2197.1,1550.5)
(1049,-1531.38,1310.54)
(1050,613.907,0.44478)
(1051,-2451.85,2042.21)
(1052,1865.85,1838.72)
(1053,1914.33,-2409.04)
(1054,1025.11,2549.25)
(1055,-3413.02,1674.93)
(1056,2313.52,210.047)
(1057,1824.15,-354.267)
(1058,2212.89,334.141)
(1059,-3635.63,887.78)
(1060,2334.2,193.813)
(1061,-637.814,1343.23)
(1062,1839.05,-1083.59)
(1063,-3429.92,1383.15)
(1064,-1151.76,-511.052)
(1065,1574.52,1024.33)
(1066,-1131.74,792.709)
(1067,369.946,1594.31)
(1068,-3492.97,1319.88)
(1069,-2291.06,1839.05)
(1070,-3337.85,1677.15)
(1071,365.831,1864.74)
(1072,-1146.75,-493.594)
(1073,1395.27,2140.39)
(1074,1172.22,2171.53)
(1075,286.327,1457.43)
(1076,-717.652,340.256)
(1077,327.247,-1137.97)
(1078,-1079.81,-429.546)
(1079,1296.42,2732.17)
(1080,538.406,855.089)
(1081,338.922,2051.55)
(1082,-3474.95,1641.79)
(1083,-240.07,396.076)
(1084,1408.17,573.877)
(1085,2395.14,405.639)
(1086,1598.09,2820.13)
(1087,290.441,442.222)
(1088,-800.381,406.862)
(1089,-1111.62,-13.121)
(1090,-2680.35,1930.68)
(1091,-3666.43,1650.36)
(1092,-1753.77,1466.66)
(1093,325.801,-12.7874)
(1094,-3446.04,1619.78)
(1095,734.887,445.78)
(1096,-1061.13,1714.96)
(1097,-85.2865,-1196.79)
(1098,1340.9,651.157)
(1099,-1992.5,1440.42)
(1100,1234.37,960.724)
(1101,-2383.91,2059.11)
(1102,266.868,1406.62)
(1103,-152.226,-114.308)
(1104,768.023,-200.596)
(1105,34.248,1847.06)
(1106,-1342.23,559.088)
(1107,427.878,18.4584)
(1108,-536.182,29.1331)
(1109,1739.76,1983.94)
(1110,881.109,-1523.82)
(1111,997.641,-1405.73)
(1112,1317.66,-200.373)
(1113,2291.51,-1372.26)
(1114,1290.19,651.157)
(1115,775.473,-21.7942)
(1116,-654.716,374.06)
(1117,2043.87,915.913)
(1118,1196.35,785.926)
(1119,-3449.6,1642.02)
(1120,432.103,2028.53)
(1121,-913.578,-336.921)
(1122,269.648,1894.32)
(1123,-4083.52,1142.31)
(1124,-3557.35,1302.87)
(1125,-108.971,-265.978)
(1126,-793.932,989.524)
(1127,200.04,1932.68)
(1128,247.965,-1215.14)
(1129,42.4765,1856.18)
(1130,580.549,903.459)
(1131,1032.89,1642.57)
(1132,-126.429,278.654)
(1133,-128.764,-178.245)
(1134,-992.526,436.44)
(1135,1410.29,2792.99)
(1136,462.682,421.651)
(1137,282.324,-98.1851)
(1138,146.555,435.551)
(1139,2434.06,434.105)
(1140,1678.82,1275.74)
(1141,-1215.36,712.982)
(1142,-925.698,-371.502)
(1143,-1256.95,893.118)
(1144,-3473.4,1354.02)
(1145,789.039,-243.183)
(1146,878.218,-2000.06)
(1147,473.023,1661.59)
(1148,25.4636,210.937)
(1149,333.14,523.617)
(1150,253.747,-17.2352)
(1151,1163.54,-218.72)
(1152,279.989,427.211)
(1153,1744.2,622.692)
(1154,-24.2405,75.5014)
(1155,-527.286,514.277)
(1156,-1539.05,1286.75)
(1157,1123.62,1576.86)
(1158,-50.9273,1912.78)
(1159,-1221.59,-506.604)
(1160,-2213.11,1826.04)
(1161,1685.16,1556.84)
(1162,1277.74,2731.95)
(1163,-3346.08,1451.09)
(1164,43.5884,-161.121)
(1165,-1048.79,512.942)
(1166,1014.32,1642.91)
(1167,970.621,1627.23)
(1168,-828.291,455.788)
(1169,-1107.39,1720.74)
(1170,2221.67,339.256)
(1171,728.994,-42.4765)
(1172,1876.08,-1081.26)
(1173,975.18,847.528)
(1174,122.092,192.367)
(1175,1643.02,2830.02)
(1176,1499.13,203.264)
(1177,-2704.04,1870.41)
(1178,-3462.94,1366.59)
(1179,1699.61,1563.07)
(1180,1392.38,480.028)
(1181,-238.18,-396.966)
(1182,2358.44,150.447)
(1183,1355.24,1886.09)
(1184,2236.46,218.387)
(1185,425.654,399.857)
(1186,-1234.93,1026.33)
(1187,2438.06,-9.11798)
(1188,-1532.15,1676.37)
(1189,-1509.36,712.871)
(1190,1893.32,1878.42)
(1191,-1082.26,1724.3)
(1192,-3399.23,1437.97)
(1193,1394.61,437.886)
(1194,-173.019,0.111195)
(1195,1389.49,1603.32)
(1196,480.251,1836.94)
(1197,-363.719,1648.58)
(1198,2240.8,572.32)
(1199,-1980.6,1311.21)
(1200,1158.98,668.393)
(1201,-3862.24,936.484)
(1202,-1332.56,969.953)
(1203,-1958.59,1710.29)
(1204,-76.2797,389.961)
(1205,-588.332,1340.68)
(1206,-1423.3,687.296)
(1207,2030.09,-137.659)
(1208,-1046.9,1380.93)
(1209,1434.64,2759.52)
(1210,1396.05,469.465)
(1211,2066.34,1815.15)
(1212,-1299.42,524.173)
(1213,-1047.57,219.276)
(1214,-116.421,14.0106)
(1215,73.4998,288.217)
(1216,-254.08,839.633)
(1217,-1312.43,473.246)
(1218,1078.92,-1367.7)
(1219,2327.31,-1506.47)
(1220,2412.93,126.651)
(1221,640.372,1975.16)
(1222,-635.479,893.451)
(1223,577.102,847.083)
(1224,1398.72,592.335)
(1225,-1563.07,1217.47)
(1226,-1519.59,1290.42)
(1227,2014.41,1753.66)
(1228,-1410.4,673.063)
(1229,1445.65,2804)
(1230,1354.24,1858.62)
(1231,-2258.04,1584.08)
(1232,2259.7,215.718)
(1233,1320.55,250.522)
(1234,495.151,2033.31)
(1235,818.506,1160.76)
(1236,1408.95,2318.53)
(1237,1261.4,2276.16)
(1238,2196.77,333.362)
(1239,357.936,1928.79)
(1240,-1073.03,216.163)
(1241,-2003.4,1540.94)
(1242,-1104.61,287.216)
(1243,1244.6,2742.18)
(1244,2045.99,1849.28)
(1245,-1656.47,955.387)
(1246,1797.69,1547.94)
(1247,661.721,717.207)
(1248,415.202,1910.33)
(1249,-1534.93,1285.86)
(1250,1391.05,2112.26)
(1251,-3678.33,1634.57)
(1252,279.878,1997.28)
(1253,-3382.77,1474.11)
(1254,-582.884,137.882)
(1255,-2339.21,1814.03)
(1256,424.987,1917.67)
(1257,331.138,2313.41)
(1258,1728.41,-498.264)
(1259,476.581,-543.298)
(1260,-270.648,-460.013)
(1261,-617.021,399.079)
(1262,1888.76,-1370.26)
(1263,-1341.01,702.641)
(1264,1159.32,1674.71)
(1265,1669.59,-140.662)
(1266,1395.61,644.708)
(1267,1205.35,-186.807)
(1268,41.2533,-62.9363)
(1269,-788.706,-116.31)
(1270,-1413.51,918.692)
(1271,2189.87,-1638.68)
(1272,-501.156,313.681)
(1273,-544.188,280.99)
(1274,759.684,-137.993)
(1275,-1085.71,-424.876)
(1276,1139.19,353.155)
(1277,-3605.38,888.114)
(1278,155.451,443.445)
(1279,2248.47,-1300.31)
(1280,-1232.71,-225.17)
(1281,-2444.73,2049.43)
(1282,-284.548,383.178)
(1283,-1085.15,251.857)
(1284,68.0513,720.21)
(1285,-1339.68,1582.86)
(1286,476.693,-5.11497)
(1287,-2731.5,1911.44)
(1288,-607.124,489.035)
(1289,1929.68,1072.7)
(1290,-4342.94,991.636)
(1291,-1461.66,1109.84)
(1292,655.828,632.699)
(1293,-1276.52,1709.51)
(1294,745.117,-243.072)
(1295,1335.78,1902.88)
(1296,1253.39,1618.22)
(1297,346.372,1866.96)
(1298,-3802.76,1712.51)
(1299,1612.44,-530.066)
(1300,456.344,1916.33)
(1301,-665.946,372.281)
(1302,-81.8395,125.539)
(1303,-597.006,1377.37)
(1304,-2411.93,1921.56)
(1305,-3774.07,1723.85)
(1306,507.271,11.6755)
(1307,-141.996,371.391)
(1308,868.655,-1577.86)
(1309,-4320.15,983.186)
(1310,597.45,-1017.99)
(1311,565.537,-915.357)
(1312,581.105,988.523)
(1313,-922.918,123.204)
(1314,-2375.01,1839.39)
(1315,451.451,1916.78)
(1316,-3723.7,1552.5)
(1317,-3489.52,1661.7)
(1318,-1813.03,1320.33)
(1319,23.5733,1575.63)
(1320,-591.335,883.332)
(1321,460.013,-1104.39)
(1322,-2350.22,1986.94)
(1323,-1844.95,865.43)
(1324,1144.42,-2147.29)
(1325,-3092.44,1885.42)
(1326,1171.55,600.453)
(1327,-708.312,-468.131)
(1328,416.87,-596.116)
(1329,760.907,802.383)
(1330,760.462,-39.2518)
(1331,1141.53,-66.2722)
(1332,-3731.92,1607.77)
(1333,-2066,1276.07)
(1334,583.551,-148)
(1335,91.847,-1179.89)
(1336,-2977.8,932.592)
(1337,-1135.63,1718.52)
(1338,-341.368,399.19)
(1339,-3610.39,1277.85)
(1340,1789.13,520.837)
(1341,-753.457,1399.61)
(1342,1343.12,-629.03)
(1343,496.263,1709.62)
(1344,1137.97,-1358.58)
(1345,-1616,1859.74)
(1346,1565.85,775.696)
(1347,-1144.75,-502.601)
(1348,1277.96,803.272)
(1349,-510.496,320.686)
(1350,1062.47,1071.92)
(1351,327.469,370.39)
(1352,1223.14,-141.885)
(1353,-26.3532,177.134)
(1354,409.864,1939.68)
(1355,-132.878,-170.573)
(1356,-3008.27,1902.1)
(1357,-1982.16,1401.72)
(1358,165.013,-97.518)
(1359,-1289.97,722.767)
(1360,2286.83,216.274)
(1361,-66.2722,-1180.45)
(1362,1998.84,1638.79)
(1363,-369.278,272.205)
(1364,-3698.9,900.457)
(1365,1138.52,2375.35)
(1366,-1154.43,-346.483)
(1367,-1071.7,591.891)
(1368,1935.68,1082.15)
(1369,-1995.06,1387.82)
(1370,-50.3713,332.695)
(1371,-1073.59,1739.76)
(1372,-1442.09,917.469)
(1373,201.374,600.119)
(1374,1298.53,994.639)
(1375,2288.5,549.081)
(1376,81.6171,303.34)
(1377,1260.17,2038.65)
(1378,47.8138,1577.19)
(1379,2260.7,-1316.77)
(1380,-3115.9,1880.31)
(1381,1232.82,655.605)
(1382,1793.13,1951.14)
(1383,1405.5,449.116)
(1384,-1494.02,1138.64)
(1385,-3531.11,1022.99)
(1386,378.952,1875.75)
(1387,-1584.31,225.281)
(1388,1822.26,497.597)
(1389,-3320.95,1736.09)
(1390,185.362,225.281)
(1391,-927.922,1095.49)
(1392,488.591,2028.53)
(1393,-2155.07,1652.25)
(1394,-197.593,184.25)
(1395,1940.69,-875.66)
(1396,1080.59,936.928)
(1397,1403.95,1807.47)
(1398,-3811.65,1751.54)
(1399,366.721,1598.09)
(1400,-679.623,365.275)
(1401,1765.22,1585.19)
(1402,1524.59,1452.98)
(1403,-601.231,498.487)
(1404,-510.941,327.803)
(1405,1855.4,1677.15)
(1406,84.1746,-183.805)
(1407,841.968,717.541)
(1408,-513.832,901.791)
(1409,-78.8372,246.853)
(1410,224.169,185.918)
(1411,232.064,1950.03)
(1412,-238.958,411.31)
(1413,2003.62,1672.82)
(1414,-826.401,-146.666)
(1415,-1685.72,968.285)
(1416,-1496.91,806.83)
(1417,-1008.43,687.518)
(1418,1102.72,1585.08)
(1419,-1971.71,1230.93)
(1420,1352.24,948.493)
(1421,-3533.22,1328.89)
(1422,-2773.54,1905.44)
(1423,625.249,764.576)
(1424,-2209.55,1619.44)
(1425,-1103.39,-403.971)
(1426,2169.19,-2028.31)
(1427,-941.932,475.692)
(1428,1407.51,2344.32)
(1429,289.329,368.611)
(1430,-1146.64,-524.395)
(1431,-718.986,-146.221)
(1432,2237.24,-1627.89)
(1433,-1419.85,924.586)
(1434,-129.097,1879.75)
(1435,495.485,1726.52)
(1436,-202.82,-1298.87)
(1437,-3815.43,1772.78)
(1438,1062.36,-1211.58)
(1439,1136.97,431.436)
(1440,-1013.88,810.722)
(1441,-3681,1713.18)
(1442,-794.377,-157.452)
(1443,109.861,-89.9567)
(1444,-2043.99,1688.94)
(1445,-1135.3,-480.807)
(1446,-2399.7,2053.44)
(1447,-1317.44,540.741)
(1448,-3058.97,1937.57)
(1449,-1078.48,1741.65)
(1450,506.826,2034.64)
(1451,143.553,527.398)
(1452,-949.493,611.794)
(1453,2210.67,606.68)
(1454,-3537,1333.89)
(1455,-2401.59,1836.61)
(1456,2361.22,517.39)
(1457,935.038,938.152)
(1458,-1435.08,905.349)
(1459,1044.45,1113.39)
(1460,-3702.57,1414.29)
(1461,1677.93,2017.08)
(1462,-157.118,1850.06)
(1463,-2744.4,1909.22)
(1464,-1317.55,1714.51)
(1465,374.171,1888.98)
(1466,519.169,1184.89)
(1467,-1260.39,915.023)
(1468,-2380.02,2053.44)
(1469,-597.895,1342.23)
(1470,509.273,847.75)
(1471,-3380.21,1618.44)
(1472,427.322,2023.3)
(1473,-1066.25,1109.61)
(1474,1992.17,1201.91)
(1475,272.872,-292.443)
(1476,-526.174,-20.6823)
(1477,-1687.05,1074.25)
(1478,1600.87,-648.489)
(1479,-1330.11,468.464)
(1480,-3244.45,1752.88)
(1481,343.481,2055.1)
(1482,437.107,80.0603)
(1483,2112.48,818.506)
(1484,256.082,1440.75)
(1485,-3261.01,1752.43)
(1486,-458.012,720.321)
(1487,1533.93,2223.12)
(1488,-2137.61,2110.92)
(1489,-571.097,386.291)
(1490,-535.848,-49.8153)
(1491,1140.86,2367.23)
(1492,-0.22239,309.678)
(1493,-3242.67,1737.42)
(1494,-1318.44,725.102)
(1495,-51.7056,1867.3)
(1496,148.112,509.606)
(1497,1326.56,1726.75)
(1498,2231.35,-1994.28)
(1499,5.78214,36.9167)
(1500,585.108,1104.5)
(1501,-3359.98,1702.95)
(1502,-3684.78,1633.34)
(1503,252.412,101.632)
(1504,71.4983,-1178)
(1505,1334.56,241.627)
(1506,584.774,855.311)
(1507,-26.5756,356.157)
(1508,1298.87,646.376)
(1509,-298.114,-300.115)
(1510,1219.59,1584.19)
(1511,-1.44553,161.455)
(1512,-130.988,-174.02)
(1513,73.3887,297.891)
(1514,1403.28,612.684)
(1515,1846.28,-1825.93)
(1516,-953.496,499.154)
(1517,-2046.88,1759.21)
(1518,2007.85,1690.83)
(1519,-2474.2,2006.51)
(1520,735.221,-45.9235)
(1521,1600.43,1523.37)
(1522,1802.91,1533.49)
(1523,-1160.43,-504.603)
(1524,-3625.4,1372.92)
(1525,1307.43,-1656.36)
(1526,-722.767,235.956)
(1527,260.53,1889.76)
(1528,1248.16,2736.95)
(1529,1516.92,1278.19)
(1530,-1287.53,1671.7)
(1531,-147,378.619)
(1532,-1210.8,519.836)
(1533,-967.285,404.527)
(1534,-1524.04,179.246)
(1535,-811.723,-108.304)
(1536,-509.384,517.501)
(1537,2041.32,-1032.56)
(1538,-197.26,1830.71)
(1539,-1963.48,1218.81)
(1540,-1980.83,1390.94)
(1541,-531.734,-58.0438)
(1542,351.598,2056.55)
(1543,-1258.17,1693.72)
(1544,-1258.17,1687.94)
(1545,282.88,1871.86)
(1546,-1817.81,919.582)
(1547,145.221,364.275)
(1548,-953.608,-355.601)
(1549,1869.41,1888.53)
(1550,-980.517,1286.3)
(1551,826.178,-226.17)
(1552,1326.89,648.711)
(1553,-1150.42,603.566)
(1554,-1516.14,1296.2)
(1555,1094.6,-429.768)
(1556,1485.23,925.031)
(1557,-1773,1240.82)
(1558,-1191.9,-501.378)
(1559,11.8979,322.132)
(1560,76.1685,77.3917)
(1561,-1551.61,1810.7)
(1562,768.246,-1041.45)
(1563,2170.41,-53.8183)
(1564,-646.043,443.001)
(1565,2393.14,-40.0302)
(1566,1884.98,1885.09)
(1567,-4365.74,955.609)
(1568,1413.18,532.068)
(1569,-152.782,1585.42)
(1570,-580.104,403.86)
(1571,1428.74,2385.24)
(1572,-2011.63,1531.15)
(1573,-3795.86,1712.4)
(1574,-2218.01,1889.2)
(1575,-3053.86,1929.01)
(1576,-173.131,-53.04)
(1577,-54.8191,443.334)
(1578,1587.86,1111.95)
(1579,-3356.64,1691.83)
(1580,1020.99,-396.855)
(1581,1420.29,2797.78)
(1582,2188.32,665.057)
(1583,157.118,-96.6284)
(1584,-645.709,-524.729)
(1585,-1534.49,874.659)
(1586,-1102.16,632.366)
(1587,-794.154,-14.1218)
(1588,399.635,1933.57)
(1589,-1491.68,1105.39)
(1590,146.555,431.103)
(1591,1277.18,436.218)
(1592,299.782,-1197.24)
(1593,-118.423,-191.589)
(1594,-1366.59,1642.57)
(1595,579.103,883.11)
(1596,1626.23,-576.657)
(1597,1822.04,1905.33)
(1598,-487.701,518.613)
(1599,-132.433,415.424)
(1600,250.856,1388.16)
(1601,318.24,465.573)
(1602,585.552,865.208)
(1603,366.054,2047.54)
(1604,668.949,701.529)
(1605,488.702,-778.142)
(1606,-1007.09,1683.82)
(1607,-295.556,-184.139)
(1608,159.898,364.719)
(1609,-1067.8,1741.2)
(1610,-597.117,-569.318)
(1611,-1528.49,1224.59)
(1612,-1120.84,825.4)
(1613,-3632.74,878.44)
(1614,-594.782,490.592)
(1615,-3277.14,1646.8)
(1616,1130.74,611.461)
(1617,957.5,1814.7)
(1618,-1433.41,925.364)
(1619,1441.42,2361)
(1620,182.804,-216.385)
(1621,-3557.9,1675.15)
(1622,-4285.67,962.503)
(1623,-136.103,-7.22767)
(1624,465.017,494.484)
(1625,1144.64,1572.74)
(1626,-1519.48,1305.87)
(1627,1978.38,-1806.36)
(1628,1700.5,1286.3)
(1629,1933.46,-832.405)
(1630,1658.92,-573.543)
(1631,392.296,-1961.81)
(1632,-2111.59,1814.92)
(1633,-1930.34,1590.42)
(1634,-545.189,1370.59)
(1635,-1073.59,-91.9582)
(1636,138.66,-379.064)
(1637,2437.73,-22.3502)
(1638,1169.55,825.622)
(1639,-1939.24,1687.61)
(1640,-333.807,-60.2677)
(1641,2015.63,-185.807)
(1642,-1778.01,1294.86)
(1643,-1941.02,1101.72)
(1644,654.049,-966.617)
(1645,-1145.53,374.949)
(1646,1048.35,943.378)
(1647,-1847.95,830.626)
(1648,-546.301,-38.0287)
(1649,-3022.83,1909.88)
(1650,-954.831,137.771)
(1651,-710.758,1348.57)
(1652,-2461.52,2098.14)
(1653,-56.0422,1871.19)
(1654,1402.39,527.286)
(1655,-1728.53,1224.37)
(1656,-1476.67,1123.62)
(1657,1781.9,534.403)
(1658,1499.69,2664.01)
(1659,-786.704,-434.772)
(1660,-972.844,600.23)
(1661,5.11497,415.535)
(1662,732.886,-2002.95)
(1663,313.236,-1888.42)
(1664,-625.916,216.608)
(1665,554.751,879.107)
(1666,250.856,217.275)
(1667,1571.85,2673.35)
(1668,-788.483,1139.86)
(1669,298.447,2225.34)
(1670,74.9454,595.782)
(1671,1809.81,-365.498)
(1672,-1357.58,570.652)
(1673,-465.796,700.862)
(1674,1162.88,-166.125)
(1675,-3608.72,1029.22)
(1676,2294.28,-1414.07)
(1677,-244.629,-20.7935)
(1678,-3231.21,1008.54)
(1679,-1716.18,1147.09)
(1680,1165.88,2329.53)
(1681,931.146,2222.45)
(1682,2075.9,296.89)
(1683,-988.523,1289.86)
(1684,1493.13,1478.34)
(1685,290.552,2278.27)
(1686,-3265.35,1676.6)
(1687,559.31,-903.681)
(1688,-807.386,498.82)
(1689,-1345.35,984.297)
(1690,1964.7,1632.79)
(1691,-690.743,438.33)
(1692,-460.903,731.218)
(1693,1973.04,1336.9)
(1694,766.244,-176.8)
(1695,-1599.21,861.649)
(1696,699.194,697.971)
(1697,281.434,1900.88)
(1698,-568.984,545.189)
(1699,-235.622,-25.2412)
(1700,-602.565,487.256)
(1701,-1106.39,801.159)
(1702,1955.14,1170.44)
(1703,-537.961,392.74)
(1704,1543.83,-2433.28)
(1705,951.495,891.339)
(1706,621.135,472.245)
(1707,-1165.1,673.174)
(1708,1295.98,2249.36)
(1709,-4020.7,1160.32)
(1710,1092.05,-1237.82)
(1711,1333.56,-1761.88)
(1712,407.974,2036.54)
(1713,1498.02,1338.56)
(1714,-3580.37,1291.75)
(1715,-874.326,263.754)
(1716,-1064.8,-412.644)
(1717,592.002,-1049.35)
(1718,-64.7154,-184.25)
(1719,1132.52,880.108)
(1720,-1218.25,-269.87)
(1721,-3246.78,1744.09)
(1722,-1906.66,1346.01)
(1723,-3503.64,1631.01)
(1724,-352.377,-304.785)
(1725,-1055.57,1716.74)
(1726,-917.914,239.736)
(1727,992.971,-415.647)
(1728,-1430.3,904.015)
(1729,221.834,1953.25)
(1730,-413.756,294.778)
(1731,1496.57,869.433)
(1732,890.671,2305.74)
(1733,-1164.32,-484.921)
(1734,-1096.38,-412.644)
(1735,-3384.77,1462.66)
(1736,10.8971,227.171)
(1737,-113.308,14.6777)
(1738,-699.416,514.165)
(1739,1280.63,2036.54)
(1740,-276.319,1766.66)
(1741,937.04,-1720.41)
(1742,1603.88,-1784.79)
(1743,-3770.06,1560.62)
(1744,391.629,1904.32)
(1745,1531.82,816.949)
(1746,-1039.23,536.738)
(1747,160.454,380.287)
(1748,-526.842,6.6717)
(1749,1890.76,1697.06)
(1750,-1168.55,1395.72)
(1751,958.055,2021.86)
(1752,-2421.16,2052.32)
(1753,-1048.35,1723.74)
(1754,-1210.02,-125.205)
(1755,-1225.48,-20.4599)
(1756,-3785.3,1650.69)
(1757,-3799.42,1679.49)
(1758,-3159.83,1835.83)
(1759,1068.14,2509.56)
(1760,-172.241,383.734)
(1761,357.158,2057.33)
(1762,-3354.97,998.308)
(1763,-171.351,-43.5884)
(1764,-1054.57,-407.307)
(1765,-405.973,1620)
(1766,146.11,219.499)
(1767,-3726.81,1435.97)
(1768,-3234.55,1733.31)
(1769,-515.388,345.371)
(1770,470.577,552.083)
(1771,-829.848,268.091)
(1772,-1083.48,1786.79)
(1773,246.074,1923.23)
(1774,-581.216,-377.618)
(1775,-2807,869.767)
(1776,583.551,-141.551)
(1777,1253.83,477.026)
(1778,1861.07,479.917)
(1779,9.22918,376.951)
(1780,760.017,-204.043)
(1781,977.181,2055.44)
(1782,-551.082,649.378)
(1783,-42.4765,98.1851)
(1784,1708.07,-464.461)
(1785,1552.95,2813.01)
(1786,1600.98,1498.02)
(1787,570.096,893.34)
(1788,332.028,2045.65)
(1789,949.382,725.325)
(1790,997.418,749.12)
(1791,-797.156,-111.084)
(1792,631.031,476.915)
(1793,368.611,198.149)
(1794,-940.487,-359.827)
(1795,160.565,430.547)
(1796,2063.11,1845.5)
(1797,-1401.72,440.665)
(1798,309.9,157.341)
(1799,1246.5,1601.54)
(1800,-1171.77,-500.711)
(1801,1318.33,2740.29)
(1802,931.813,-828.625)
(1803,-17.5688,408.975)
(1804,-1002.31,469.131)
(1805,-451.451,312.347)
(1806,812.835,1621.44)
(1807,-798.268,51.5944)
(1808,608.125,624.471)
(1809,312.013,1924.23)
(1810,1584.19,1043.45)
(1811,-1143.31,572.209)
(1812,657.384,860.76)
(1813,-485.922,333.585)
(1814,579.437,874.103)
(1815,-1808.59,349.93)
(1816,78.17,1575.41)
(1817,417.315,-540.852)
(1818,-2525.01,1832.38)
(1819,837.409,1188.01)
(1820,-3785.08,1708.07)
(1821,254.08,1417.62)
(1822,-602.121,886.446)
(1823,1080.04,2138.06)
(1824,616.576,1656.92)
(1825,1348.46,1851.28)
(1826,1479.78,-1573.41)
(1827,1796.35,1568.96)
(1828,156.006,-1166.55)
(1829,-224.169,319.463)
(1830,41.4757,442.333)
(1831,-649.267,-460.792)
(1832,395.965,76.6133)
(1833,1492.24,840.522)
(1834,420.094,1999.84)
(1835,-1522.7,1288.19)
(1836,-2082.24,1470.55)
(1837,1292.09,438.886)
(1838,-1313.55,966.506)
(1839,-3414.35,1630.9)
(1840,2077.34,315.794)
(1841,-1168.55,-501.267)
(1842,1487.57,252.524)
(1843,289.44,458.679)
(1844,1168.99,-456.122)
(1845,-2127.38,1667.48)
(1846,-1314.66,717.763)
(1847,-488.813,814.503)
(1848,2078.68,-1822.93)
(1849,82.3954,285.771)
(1850,756.126,-173.242)
(1851,617.465,-154.116)
(1852,-131.988,150.336)
(1853,-325.356,888.781)
(1854,1530.6,-187.808)
(1855,300.782,1914.89)
(1856,822.064,478.138)
(1857,204.71,1890.2)
(1858,997.085,2084.68)
(1859,-673.619,429.101)
(1860,879.663,-1602.1)
(1861,1036.23,-835.074)
(1862,-2229.57,540.63)
(1863,1923.12,1086.49)
(1864,613.018,-146.221)
(1865,1877.53,470.577)
(1866,324.133,1579.86)
(1867,242.627,1371.48)
(1868,493.038,1693.94)
(1869,-3709.91,1716.74)
(1870,620.69,-962.281)
(1871,-1283.97,1663.14)
(1872,173.686,-1764.22)
(1873,-4319.37,970.176)
(1874,-3638.19,1063.69)
(1875,-3695.34,1743.09)
(1876,-1163.77,-502.935)
(1877,1288.08,1907.1)
(1878,1254.28,1636.79)
(1879,1053.02,1631.34)
(1880,-1040.67,538.183)
(1881,231.397,-1212.14)
(1882,-3817.32,1748.54)
(1883,943.044,2465.97)
(1884,1183.56,649.378)
(1885,816.06,747.897)
(1886,1272.96,-552.639)
(1887,1357.02,-210.27)
(1888,-1279.96,1671.7)
(1889,-2457.85,2003.62)
(1890,-131.988,-286.661)
(1891,1602.54,-516.167)
(1892,-119.979,381.621)
(1893,1738.2,-747.341)
(1894,-763.242,-137.882)
(1895,-804.94,-89.5119)
(1896,880.441,-205.266)
(1897,-352.488,1739.31)
(1898,1183.45,475.025)
(1899,-767.912,916.357)
(1900,-536.738,-20.1263)
(1901,1895.1,1701.62)
(1902,-652.492,-120.758)
(1903,-3440.04,965.95)
(1904,317.573,39.8078)
(1905,-4322.26,966.395)
(1906,-2747.4,1893.54)
(1907,541.519,850.641)
(1908,-1981.16,2122.71)
(1909,-2389.8,2045.88)
(1910,646.487,-6.5605)
(1911,-121.87,275.541)
(1912,1978.05,1623.89)
(1913,-1044.34,541.853)
(1914,-537.739,52.484)
(1915,-3293.37,1760.44)
(1916,-595.226,399.079)
(1917,1660.92,468.019)
(1918,76.3909,699.083)
(1919,561.423,879.885)
(1920,1854.51,438.553)
(1921,581.216,618.8)
(1922,81.9507,604.344)
(1923,-1442.42,914.022)
(1924,642.04,744.784)
(1925,407.085,1906.77)
(1926,236.623,212.049)
(1927,2119.04,-1546.28)
(1928,-3044.29,1901.99)
(1929,722.989,113.975)
(1930,-2147.84,1506.47)
(1931,-3057.19,1912.33)
(1932,942.488,1761.11)
(1933,-2164.41,2099.03)
(1934,1406.62,2364.34)
(1935,-1574.52,234.621)
(1936,2162.3,730.773)
(1937,-1872.63,1626.67)
(1938,-661.943,1339.34)
(1939,86.6208,597.006)
(1940,996.529,2100.14)
(1941,-57.4878,110.194)
(1942,2051.88,-1635.68)
(1943,-513.609,888.892)
(1944,-3782.96,1716.07)
(1945,1276.96,-1708.4)
(1946,-1616.44,1208.13)
(1947,643.374,1625.89)
(1948,-817.06,336.476)
(1949,385.735,-129.876)
(1950,674.953,1981.83)
(1951,158.564,439.442)
(1952,459.791,11.8979)
(1953,-1075.48,1108.61)
(1954,1399.17,2483.98)
(1955,-2012.29,1524.48)
(1956,-1465.77,1112.28)
(1957,-1326.56,-568.317)
(1958,917.247,1749.99)
(1959,-1270.4,1707.51)
(1960,-1078.81,-413.756)
(1961,16.1233,-362.829)
(1962,1649.91,-147.444)
(1963,-1308.43,480.028)
(1964,933.593,-368.5)
(1965,715.539,1588.86)
(1966,-33.1361,-1170.1)
(1967,1309.21,261.419)
(1968,-1151.42,473.246)
(1969,408.197,-576.768)
(1970,-45.0339,121.425)
(1971,1932.9,405.861)
(1972,1343.68,1897.99)
(1973,31.6906,-59.6005)
(1974,407.307,-564.87)
(1975,-4326.48,963.282)
(1976,-1079.59,1720.19)
(1977,1897.54,-898.121)
(1978,12.3426,402.526)
(1979,117.199,733.442)
(1980,310.901,-1179.56)
(1981,1790.79,1573.19)
(1982,430.769,2032.09)
(1983,-3416.46,1678.38)
(1984,-2691.36,1865.74)
(1985,-1090.6,-427.989)
(1986,-152.559,-17.5688)
(1987,318.573,2298.29)
(1988,-1541.16,1277.52)
(1989,471.578,419.094)
(1990,-2587.39,1839.83)
(1991,1733.31,-1560.4)
(1992,-598.896,498.153)
(1993,847.305,-819.395)
(1994,-2059.11,1705.17)
(1995,-2086.46,2079.57)
(1996,1049.68,-1699.28)
(1997,-709.201,893.006)
(1998,-2052.99,1413.51)
(1999,-249.077,250.522)
(2000,-1297.2,1707.4)
(2001,360.272,233.398)
(2002,59.2669,-174.02)
(2003,1346.35,734.331)
(2004,-1650.02,1392.27)
(2005,-2113.48,2090.24)
(2006,280.434,2000.84)
(2007,1170.99,-92.1806)
(2008,-260.196,-297.224)
(2009,1448.09,452.897)
(2010,-4349.5,989.746)
(2011,-1164.21,-474.469)
(2012,1431.3,1090.71)
(2013,1276.85,-620.579)
(2014,972.956,2156.07)
(2015,-3580.7,1023.88)
(2016,2058.55,1825.49)
(2017,-606.457,889.448)
(2018,1266.84,-487.923)
(2019,2109.03,-1739.76)
(2020,-568.984,396.743)
(2021,1114.84,-42.81)
(2022,-1475.67,1114.17)
(2023,-1232.15,444.224)
(2024,247.853,1438.97)
(2025,-2182.31,1530.6)
(2026,1154.65,-179.58)
(2027,787.038,1179.11)
(2028,1788.35,-398.745)
(2029,-3539.22,1339.34)
(2030,1871.41,-703.753)
(2031,-217.052,339.701)
(2032,-251.412,1566.29)
(2033,1966.7,389.961)
(2034,-1452.09,1106.06)
(2035,476.025,1963.04)
(2036,-3229.32,1759.33)
(2037,683.293,-14.5665)
(2038,1702.39,-529.51)
(2039,1.77912,453.675)
(2040,2037.98,-130.209)
(2041,-1422.96,904.571)
(2042,-181.47,210.826)
(2043,-1301.31,955.832)
(2044,-603.01,240.07)
(2045,-31.1346,1835.49)
(2046,852.532,697.415)
(2047,1123.29,422.874)
(2048,787.26,658.385)
(2049,339.367,1945.36)
(2050,-505.27,333.918)
(2051,843.302,500.377)
(2052,-1084.71,1106.5)
(2053,-31.1346,1845.17)
(2054,548.858,466.018)
(2055,1380.15,1649.24)
(2056,1226.04,684.405)
(2057,-919.471,-351.042)
(2058,1476,1515.25)
(2059,642.929,-965.172)
(2060,1153.65,648.934)
(2061,1694.39,-705.865)
(2062,966.951,2159.18)
(2063,-917.914,1500.35)
(2064,-10.4523,43.0324)
(2065,1347.24,1764)
(2066,-2235.57,1565.85)
(2067,896.342,2001.4)
(2068,2029.09,1846.39)
(2069,-2062,1411.06)
(2070,-1428.85,926.143)
(2071,1391.49,517.501)
(2072,-609.459,144.887)
(2073,-604.456,158.564)
(2074,-1652.02,1887.31)
(2075,-121.87,-1258.95)
(2076,-3271.8,997.196)
(2077,126.651,549.525)
(2078,1161.88,-1330.22)
(2079,914.356,-1987.72)
(2080,765.021,-15.7897)
(2081,687.296,-976.18)
(2082,-1161.1,662.166)
(2083,-796.712,43.4772)
(2084,251.968,1890.2)
(2085,-453.898,518.391)
(2086,212.605,-27.1316)
(2087,758.461,2434.06)
(2088,-1936.35,2065.67)
(2089,-1455.99,733.664)
(2090,-782.812,936.372)
(2091,-3522.43,1664.48)
(2092,-3324.06,1731.97)
(2093,1599.87,2703.04)
(2094,-1814.48,875.326)
(2095,-361.384,1732.08)
(2096,536.849,-849.863)
(2097,755.458,-148.556)
(2098,1045.79,-1200.13)
(2099,1228.7,974.624)
(2100,-1437.19,938.93)
(2101,1504.36,-209.38)
(2102,-1176.33,600.897)
(2103,-992.304,501.934)
(2104,-3415.69,1646.91)
(2105,-3718.25,1714.4)
(2106,-1164.32,-15.6785)
(2107,870.656,1998.06)
(2108,-3312.39,1001.42)
(2109,-3047.41,1935.01)
(2110,1405.28,1568.52)
(2111,1399.61,464.461)
(2112,-3356.86,1461.1)
(2113,1546.83,-1773.78)
(2114,-1096.05,1099.61)
(2115,89.8455,717.652)
(2116,78.8372,1892.65)
(2117,-1119.96,-458.79)
(2118,-1203.13,963.17)
(2119,-205.599,1562.84)
(2120,-3156.82,983.63)
(2121,463.572,479.917)
(2122,-597.228,-308.344)
(2123,-4370.85,961.836)
(2124,1233.6,2298.29)
(2125,-829.959,1215.03)
(2126,-3.55824,708.534)
(2127,2349.44,364.608)
(2128,1086.26,347.039)
(2129,-2479.87,2117.04)
(2130,-2433.61,2060)
(2131,-1.22314,334.919)
(2132,101.966,587.22)
(2133,-1047.23,-415.758)
(2134,309.789,2151.07)
(2135,-1302.87,1667.81)
(2136,322.799,2095.69)
(2137,-1298.98,513.165)
(2138,1459.77,-475.692)
(2139,324.689,1873.52)
(2140,1148.64,602.009)
(2141,1725.97,-442.667)
(2142,-594.448,896.231)
(2143,763.909,-35.5824)
(2144,707.756,-989.635)
(2145,1276.63,669.171)
(2146,-1250.05,602.343)
(2147,-774.584,413.423)
(2148,-3771.73,1728.86)
(2149,-2625.42,1843.95)
(2150,-195.703,132.322)
(2151,1899.88,1717.96)
(2152,2275.05,217.164)
(2153,-708.089,-154.895)
(2154,1365.36,-470.688)
(2155,1429.19,778.809)
(2156,846.082,1202.24)
(2157,1299.31,1903.43)
(2158,1148.42,-1688.94)
(2159,-2408.37,1909.44)
(2160,-3668.43,1636.57)
(2161,-822.064,-82.8402)
(2162,41.0309,1854.62)
(2163,964.282,2180.53)
(2164,-3229.66,1732.75)
(2165,-571.32,502.045)
(2166,-1260.39,1699.17)
(2167,-948.938,-370.724)
(2168,478.138,1989.28)
(2169,1408.73,632.477)
(2170,-1283.97,1482.56)
(2171,144.442,195.703)
(2172,1406.5,2459.08)
(2173,-1700.17,1368.92)
(2174,-1677.71,1033.89)
(2175,1013.76,2550.37)
(2176,204.376,217.275)
(2177,428.434,1897.76)
(2178,-1882.75,2004.18)
(2179,-222.39,331.694)
(2180,1437.08,1528.04)
(2181,-2363.67,1834.72)
(2182,-1537.16,798.602)
(2183,154.783,364.608)
(2184,-4329.26,990.08)
(2185,2463.86,477.249)
(2186,-3629.51,1043.23)
(2187,-817.394,-179.024)
(2188,570.652,-1072.48)
(2189,26.798,374.727)
(2190,101.632,-1177.67)
(2191,-3438.59,1619.67)
(2192,664.167,-967.952)
(2193,-380.62,494.595)
(2194,-554.529,63.9371)
(2195,-748.119,-193.368)
(2196,-1022.33,-391.74)
(2197,1724.86,-489.146)
(2198,1424.85,1157.98)
(2199,-3523.43,1048.46)
(2200,-3417.35,1025.22)
(2201,-1004.31,496.819)
(2202,-577.658,1377.04)
(2203,-596.894,497.153)
(2204,-902.458,519.392)
(2205,-1124.74,602.232)
(2206,-3508.53,1627.89)
(2207,-3417.24,1661.36)
(2208,1265.73,696.97)
(2209,-3245.34,1740.53)
(2210,-2187.87,1831.71)
(2211,2356.67,376.728)
(2212,1793.57,-1531.04)
(2213,-4302.8,1005.31)
(2214,-568.873,389.516)
(2215,1698.84,2006.07)
(2216,1183.34,679.067)
(2217,-1047.46,1728.3)
(2218,-1207.58,-301.338)
(2219,751.011,-201.485)
(2220,-1331.56,31.8017)
(2221,1281.97,895.008)
(2222,-941.154,-356.491)
(2223,1485.23,877.55)
(2224,-728.104,-423.319)
(2225,1969.71,1719.96)
(2226,317.239,1935.13)
(2227,-1113.84,-409.086)
(2228,-1160.43,1363.36)
(2229,765.799,-236.845)
(2230,-3636.63,1272.74)
(2231,2019.63,1763.89)
(2232,-597.117,396.188)
(2233,-3566.35,883.888)
(2234,-1381.26,638.704)
(2235,472.912,-561.312)
(2236,-3454.94,1353.91)
(2237,958.611,-9.89635)
(2238,148.556,444.78)
(2239,137.103,444.113)
(2240,-1172.22,-484.587)
(2241,943.378,-166.014)
(2242,-2229.57,1605.99)
(2243,81.6171,270.204)
(2244,-3865.14,930.146)
(2245,-438.886,-392.407)
(2246,-289.218,1581.41)
(2247,-1407.17,1682.71)
(2248,-313.458,452.119)
(2249,-307.676,394.075)
(2250,-145.109,-135.213)
(2251,1771,586.108)
(2252,-541.408,674.842)
(2253,955.387,1957.03)
(2254,1608.99,-521.838)
(2255,-1506.25,1129.85)
(2256,-961.725,627.028)
(2257,537.85,462.793)
(2258,1762.66,1605.54)
(2259,1898.43,1197.79)
(2260,-68.8297,1911.66)
(2261,2342.21,346.261)
(2262,664.167,642.595)
(2263,852.198,1999.17)
(2264,-792.597,4.78138)
(2265,-2145.73,2096.36)
(2266,1400.94,220.944)
(2267,-2410.37,2046.54)
(2268,467.019,-542.965)
(2269,-792.375,962.392)
(2270,1032.56,354.712)
(2271,-2392.03,1860.51)
(2272,-1477,1128.85)
(2273,1311.77,984.409)
(2274,366.165,1898.54)
(2275,1103.72,-1691.16)
(2276,-3350.64,1696.06)
(2277,1379.71,2096.8)
(2278,1743.54,453.675)
(2279,-286.327,865.653)
(2280,-1250.94,904.904)
(2281,743.004,-37.4727)
(2282,622.469,-165.347)
(2283,1626.89,-619.467)
(2284,-1485.23,724.324)
(2285,-3549.56,1629.12)
(2286,-102.744,-258.528)
(2287,-3497.41,1620.89)
(2288,-508.828,331.25)
(2289,-1517.37,1293.09)
(2290,-895.008,-315.905)
(2291,-1716.96,1052.79)
(2292,1176.44,-1697.28)
(2293,-809.833,-229.506)
(2294,731.885,227.06)
(2295,1996.5,1739.76)
(2296,1764.55,598.896)
(2297,-586.664,382.177)
(2298,1174.11,646.043)
(2299,12.4538,303.562)
(2300,-1152.98,-505.715)
(2301,68.4961,-362.162)
(2302,1709.84,-447.226)
(2303,1328.45,2684.36)
(2304,-916.691,426.099)
(2305,-162.345,166.014)
(2306,-1066.8,385.735)
(2307,-27.9099,382.177)
(2308,-3528.1,1324.67)
(2309,-2447.73,2020.3)
(2310,1251.94,-1717.63)
(2311,-1141.86,792.709)
(2312,216.052,-240.626)
(2313,-4200.61,1099.94)
(2314,1064.8,2468.64)
(2315,-2430.72,2006.29)
(2316,1373.48,2203.11)
(2317,-1109.17,1340.9)
(2318,-390.85,1682.16)
(2319,418.315,1863.63)
(2320,-54.0407,1891.31)
(2321,-986.744,1323.22)
(2322,-291.108,-11.5643)
(2323,1442.98,895.898)
(2324,-3015.72,1901.88)
(2325,1332.34,2202.44)
(2326,1372.48,2053.99)
(2327,1897.43,-2427.61)
(2328,315.571,-1151.98)
(2329,1165.43,-552.861)
(2330,186.363,609.126)
(2331,80.9499,294.778)
(2332,-3096.22,968.841)
(2333,2345.77,355.601)
(2334,-3527.33,1080.59)
(2335,982.963,811.389)
(2336,-3657.65,1399.72)
(2337,106.858,-89.0671)
(2338,850.641,-214.495)
(2339,-2390.69,2021.3)
(2340,-603.344,482.586)
(2341,-109.749,-1248.39)
(2342,2125.49,-1583.97)
(2343,92.959,600.786)
(2344,307.232,369.056)
(2345,-49.1482,358.604)
(2346,1268.18,-1783.46)
(2347,141.551,-1160.88)
(2348,-3623.95,1277.74)
(2349,-3212.31,1749.54)
(2350,475.692,1929.79)
(2351,932.369,-12.7874)
(2352,-4381.75,946.936)
(2353,740.892,1583.53)
(2354,1660.03,-679.401)
(2355,-3343.3,1699.06)
(2356,1232.15,581.994)
(2357,-230.396,348.93)
(2358,1224.81,2771.09)
(2359,2091.35,326.691)
(2360,-3538.56,1351.02)
(2361,-2420.6,2002.06)
(2362,-1957.7,1197.68)
(2363,778.809,-31.6906)
(2364,-1992.61,438.775)
(2365,-234.177,268.202)
(2366,-1065.91,-43.8108)
(2367,666.391,-914.245)
(2368,-735.666,-203.487)
(2369,1274.29,-481.363)
(2370,-2120.49,2106.48)
(2371,-1745.54,1210.8)
(2372,248.521,1435.86)
(2373,68.3849,302.339)
(2374,-721.433,-154.116)
(2375,2068.56,-1605.88)
(2376,-1240.82,-72.8327)
(2377,936.484,-182.026)
(2378,-4306.25,967.729)
(2379,894.23,-363.274)
(2380,1802.36,-142.33)
(2381,583.329,869.989)
(2382,1776.12,-136.547)
(2383,1363.92,2795)
(2384,-613.129,-245.296)
(2385,-3212.98,1741.09)
(2386,-3423.8,1405.17)
(2387,1631.12,-600.23)
(2388,347.707,1936.46)
(2389,1567.74,444.891)
(2390,2212.22,-1492.57)
(2391,-616.576,894.786)
(2392,-3552.57,1640.13)
(2393,310.345,2033.64)
(2394,-3727.03,1705.29)
(2395,719.098,-227.505)
(2396,-3136.81,1865.63)
(2397,221.056,212.938)
(2398,-541.853,392.852)
(2399,437.886,585.552)
(2400,-484.476,316.794)
(2401,-1203.02,1039.67)
(2402,2439.51,-31.1346)
(2403,1205.58,451.674)
(2404,377.618,560.978)
(2405,-536.293,1373.15)
(2406,367.833,-74.167)
(2407,-3554.35,1621.67)
(2408,-181.581,1806.36)
(2409,814.614,-27.4651)
(2410,-880.441,542.52)
(2411,-2447.4,2071.67)
(2412,-786.037,-117.867)
(2413,-680.624,-422.096)
(2414,1071.92,2489.54)
(2415,-224.169,285.993)
(2416,-3618.62,1382.49)
(2417,1357.69,2559.6)
(2418,524.395,31.357)
(2419,907.017,-201.485)
(2420,1992.06,370.39)
(2421,1475.33,-1750.54)
(2422,1154.87,457.901)
(2423,1055.46,1028.11)
(2424,1248.39,1946.36)
(2425,-1116.51,-441.333)
(2426,955.053,1772)
(2427,362.384,1901.54)
(2428,615.019,864.318)
(2429,1894.43,-721.544)
(2430,2064.22,-1331.78)
(2431,479.473,-672.173)
(2432,-1420.29,905.238)
(2433,1434.3,1103.39)
(2434,1451.76,-2396.92)
(2435,-1181.11,-500.044)
(2436,1173,1574.3)
(2437,740.336,663.5)
(2438,-226.393,-1341.46)
(2439,1088.49,702.085)
(2440,1972.49,1710.85)
(2441,-2715.82,1875.19)
(2442,-3693.34,1611.66)
(2443,101.632,1901.99)
(2444,-1060.91,-61.7132)
(2445,646.043,-915.245)
(2446,447.671,-411.199)
(2447,266.979,1541.16)
(2448,1017.1,-3.33585)
(2449,-352.599,-483.92)
(2450,1417.62,1081.15)
(2451,288.996,-14.7889)
(2452,-3188.63,1805.47)
(2453,1727.52,-506.604)
(2454,-3824.88,1739.87)
(2455,1878.97,1408.06)
(2456,1719.07,-1790.46)
(2457,76.9469,71.2759)
(2458,-732.219,460.792)
(2459,463.905,-549.414)
(2460,624.026,1982.83)
(2461,-835.63,1445.53)
(2462,-2084.13,1791.8)
(2463,539.629,869.767)
(2464,-3775.18,1743.87)
(2465,-593.559,385.179)
(2466,-49.9265,105.413)
(2467,2391.02,398.189)
(2468,-1289.75,1709.73)
(2469,897.565,2436.39)
(2470,-46.0347,-374.949)
(2471,-1995.39,1287.19)
(2472,736.11,1996.95)
(2473,-594.337,494.15)
(2474,-2501.11,2139.06)
(2475,874.548,-1591.64)
(2476,-4358.4,981.962)
(2477,-1023.66,1095.05)
(2478,81.6171,-1180.11)
(2479,-510.385,-106.08)
(2480,-325.134,-38.9182)
(2481,1203.46,323.577)
(2482,586.22,-1059.24)
(2483,1894.87,1872.97)
(2484,2228.01,-1272.63)
(2485,1871.86,1851.73)
(2486,-248.409,255.192)
(2487,-1513.81,1165.1)
(2488,400.413,1202.46)
(2489,-2341.21,2068.45)
(2490,-74.9454,440.332)
(2491,527.175,-142.663)
(2492,896.565,2276.6)
(2493,-683.738,217.164)
(2494,-556.975,883.332)
(2495,448.116,1864.07)
(2496,-188.142,-1289.08)
(2497,1600.87,-1542.94)
(2498,1287.53,281.101)
(2499,-3422.69,1393.83)
(2500,81.5059,280.322)
(2501,-3791.41,1753.1)
(2502,-666.391,432.103)
(2503,2008.74,-250.411)
(2504,1329.11,2206.77)
(2505,-1588.75,1264.4)
(2506,45.8123,-1167.88)
(2507,909.13,2397.14)
(2508,-480.696,326.802)
(2509,-499.821,784.814)
(2510,-2768.09,1910.22)
(2511,-966.729,486.923)
(2512,1260.39,523.839)
(2513,1990.83,-277.987)
(2514,-1911.44,984.631)
(2515,-484.476,-175.243)
(2516,-260.641,1781.34)
(2517,-716.429,-212.16)
(2518,79.1708,709.757)
(2519,1193.12,795.933)
(2520,-1185.67,429.657)
(2521,-911.02,-375.505)
(2522,-2235.02,1878.42)
(2523,-2049.1,2187.32)
(2524,1185.34,-2196.1)
(2525,625.694,-166.681)
(2526,-1669.59,1393.83)
(2527,-1.00075,348.707)
(2528,1730.86,634.589)
(2529,1933.9,1873.97)
(2530,688.185,630.364)
(2531,-1006.76,483.031)
(2532,766.244,315.238)
(2533,-1297.64,1674.93)
(2534,-1568.96,1337.45)
(2535,924.586,-193.479)
(2536,-1178.78,681.625)
(2537,-334.03,-66.9393)
(2538,-1197.35,-19.4591)
(2539,-2399.81,1848.73)
(2540,-1815.48,1273.85)
(2541,-912.688,1159.65)
(2542,-1933.23,1073.48)
(2543,942.822,913.8)
(2544,1145.31,-1354.47)
(2545,-819.729,484.476)
(2546,-54.2631,-183.36)
(2547,-1085.15,-427.1)
(2548,2356.33,157.23)
(2549,-929.478,-357.269)
(2550,-18.3472,1836.5)
(2551,1335.9,436.551)
(2552,2000.06,1667.48)
(2553,1144.08,2358.67)
(2554,-697.303,-480.918)
(2555,-3531.33,897.899)
(2556,515.722,1703.51)
(2557,580.326,-155.339)
(2558,2312.08,337.699)
(2559,-3038.96,1926.01)
(2560,-482.92,-134.546)
(2561,-2122.49,1486.23)
(2562,-940.264,-342.925)
(2563,488.591,-723.879)
(2564,1695.95,452.675)
(2565,-681.18,891.45)
(2566,-2966.9,941.821)
(2567,226.615,111.973)
(2568,-997.307,1344.68)
(2569,1357.36,2813.9)
(2570,2323.2,-1486.9)
(2571,509.94,-1102.39)
(2572,2125.49,257.75)
(2573,-3579.81,1357.58)
(2574,-509.94,688.519)
(2575,1287.86,2811.9)
(2576,-543.854,607.013)
(2577,-1346.9,1182.22)
(2578,-955.832,1085.37)
(2579,729.216,-8.11723)
(2580,-394.408,1427.3)
(2581,-826.289,-112.863)
(2582,657.94,2433.72)
(2583,-3307.27,1747.65)
(2584,-2407.15,1946.24)
(2585,-336.253,892.006)
(2586,-2007.51,1535.82)
(2587,-2424.72,1805.81)
(2588,1342.46,2655.22)
(2589,-1256.5,454.787)
(2590,499.488,-802.716)
(2591,-597.784,392.963)
(2592,-3475.29,1630.23)
(2593,1222.03,2759.3)
(2594,-2076.9,1695.39)
(2595,1727.19,1576.3)
(2596,980.85,1627.23)
(2597,590.667,1060.47)
(2598,1241.82,1966.04)
(2599,2077.45,-2327.98)
(2600,1374.59,2527.02)
(2601,-1061.8,1741.2)
(2602,-234.844,-1565.51)
(2603,-3823.99,1724.63)
(2604,1310.77,2711.71)
(2605,2474.75,474.358)
(2606,-3140.48,991.97)
(2607,1293.42,-1671.26)
(2608,2382.46,-41.6981)
(2609,724.213,409.864)
(2610,1332.56,2677.91)
(2611,-1365.14,580.66)
(2612,1461.43,-238.068)
(2613,859.537,677.955)
(2614,1957.7,1872.08)
(2615,-987.967,407.418)
(2616,-629.919,453.564)
(2617,-530.511,353.711)
(2618,2135.5,327.469)
(2619,63.9371,-67.9401)
(2620,235.177,1499.91)
(2621,1117.73,-1364.36)
(2622,581.883,914.467)
(2623,1806.81,1522.93)
(2624,1759.33,-1775.45)
(2625,-257.305,-435.773)
(2626,525.952,-833.851)
(2627,21.3494,-1164.54)
(2628,938.596,-118.645)
(2629,-1164.66,-482.475)
(2630,-3805.09,1753.32)
(2631,-2342.43,1981.49)
(2632,-784.703,-110.194)
(2633,1270.62,-188.698)
(2634,2219.45,-2010.52)
(2635,452.23,426.21)
(2636,1757.55,1291.97)
(2637,-1324.11,970.954)
(2638,283.325,1433.75)
(2639,-1018.88,817.172)
(2640,1095.83,1663.81)
(2641,286.327,1988.94)
(2642,1742.76,-1006.09)
(2643,2437.17,60.49)
(2644,-1510.14,187.808)
(2645,1345.13,1799.02)
(2646,-3527.1,1658.14)
(2647,-966.062,1085.82)
(2648,-3771.95,1521.81)
(2649,384.067,1866.41)
(2650,1510.69,1305.76)
(2651,-63.8259,9.11798)
(2652,-367.054,-69.7192)
(2653,-2242.47,2085.57)
(2654,1378.48,929.145)
(2655,-911.465,1145.97)
(2656,1108.95,356.491)
(2657,-2364.23,2058.22)
(2658,1913.66,-746.563)
(2659,-742.337,901.124)
(2660,-520.837,316.794)
(2661,-2434.61,645.709)
(2662,277.654,1437.53)
(2663,-1949.02,1131.74)
(2664,-2311.85,1954.7)
(2665,-1031.56,1702.39)
(2666,1963.15,1276.52)
(2667,1492.24,1491.24)
(2668,-805.496,-64.7154)
(2669,-2205.22,1544.28)
(2670,-3407.35,1634.57)
(2671,74.5006,610.571)
(2672,1796.35,1571.3)
(2673,1609.1,-651.936)
(2674,-2218.12,1571.63)
(2675,38.9182,362.607)
(2676,-107.859,1910.44)
(2677,1973.04,1187.56)
(2678,-3615.17,1634.9)
(2679,-1662.14,1751.1)
(2680,-578.658,382.288)
(2681,-353.6,264.199)
(2682,-1240.94,1038.23)
(2683,-3704.57,1711.51)
(2684,-23.0173,-368.055)
(2685,1191.56,-574.655)
(2686,-3614.5,1649.13)
(2687,-44.478,340.59)
(2688,1549.61,444.224)
(2689,88.8447,287.216)
(2690,-46.4795,1861.07)
(2691,-572.876,117.867)
(2692,337.699,2291.17)
(2693,-694.19,-146.221)
(2694,1152.09,-450.117)
(2695,416.091,394.742)
(2696,798.713,-248.854)
(2697,1779.56,444.446)
(2698,1354.69,1075.37)
(2699,-2077.9,1406.39)
(2700,2077.34,307.565)
(2701,-916.357,-367.388)
(2702,-2236.69,1603.76)
(2703,1130.19,361.05)
(2704,-23.1285,463.127)
(2705,-1518.26,1669.59)
(2706,2412.6,-37.0279)
(2707,46.8131,708.979)
(2708,1128.29,-2114.82)
(2709,808.054,2002.95)
(2710,46.8131,33.8033)
(2711,247.409,174.131)
(2712,1620.33,-549.081)
(2713,-1227.37,1472.67)
(2714,-3.44704,1834.83)
(2715,-158.119,-1276.74)
(2716,-51.3721,353.933)
(2717,-332.918,1747.54)
(2718,379.397,2420.38)
(2719,1510.58,-2426.38)
(2720,1394.5,-1750.21)
(2721,-3423.91,1628.78)
(2722,-1003.87,597.784)
(2723,1986.94,-1037.67)
(2724,803.495,608.236)
(2725,1434.08,416.203)
(2726,-4252.76,1059.69)
(2727,1068.03,939.264)
(2728,2315.3,-1596.2)
(2729,-1726.19,1531.27)
(2730,398.3,1860.74)
(2731,242.85,1933.9)
(2732,-558.866,-39.6966)
(2733,426.544,124.538)
(2734,-1124.18,550.86)
(2735,723.434,650.379)
(2736,-596.894,882.888)
(2737,-1004.65,461.125)
(2738,-664.834,432.771)
(2739,297.669,1565.85)
(2740,480.473,490.926)
(2741,1865.29,1826.38)
(2742,-2059.66,1337.9)
(2743,1255.95,1010.43)
(2744,769.914,-212.494)
(2745,1143.08,-213.605)
(2746,1182.11,813.724)
(2747,-9.34037,76.6133)
(2748,-3091.33,1890.87)
(2749,157.007,221.5)
(2750,-1194.79,1386.71)
(2751,-2217.89,1861.51)
(2752,-1232.37,-264.422)
(2753,-1240.38,-528.732)
(2754,1371.14,428.768)
(2755,-806.608,-85.8425)
(2756,-374.06,1568.29)
(2757,324.578,2057.11)
(2758,-1992.06,1270.85)
(2759,261.864,1509.69)
(2760,-2059,1456.1)
(2761,530.177,-1096.05)
(2762,1673.82,2785.66)
(2763,1084.6,932.147)
(2764,746.229,451.674)
(2765,-3235.33,1758.55)
(2766,452.897,-495.929)
(2767,1652.36,1235.82)
(2768,193.257,1929.57)
(2769,991.192,2067.78)
(2770,756.459,-43.8108)
(2771,-1223.48,694.079)
(2772,-520.503,21.2382)
(2773,231.841,1880.86)
(2774,-3612.83,1659.03)
(2775,1373.48,2771.76)
(2776,-3790.75,1690.39)
(2777,-14.1218,58.0438)
(2778,897.454,1735.86)
(2779,-544.744,45.8123)
(2780,-659.052,435.217)
(2781,-237.512,242.405)
(2782,-1086.49,-436.774)
(2783,-3471.84,1337.79)
(2784,1294.86,-480.14)
(2785,836.408,-822.064)
(2786,126.54,1910)
(2787,590.89,1094.49)
(2788,-3779.4,1612.88)
(2789,-611.794,-94.5157)
(2790,-1083.93,501.044)
(2791,467.463,1657.47)
(2792,2229.79,-1275.07)
(2793,697.971,-14.7889)
(2794,494.706,1702.17)
(2795,396.41,2428.72)
(2796,-1374.04,1201.35)
(2797,-1159.32,604.456)
(2798,-3750.94,1749.65)
(2799,-503.935,-529.621)
(2800,1108.72,-124.427)
(2801,-1549.06,720.877)
(2802,1625.45,-164.013)
(2803,223.279,-106.525)
(2804,1664.81,2027.64)
(2805,-2241.47,1597.76)
(2806,-2035.87,1428.52)
(2807,145.665,229.395)
(2808,1417.29,1537.05)
(2809,1585.31,-2439.62)
(2810,-481.363,-189.254)
(2811,-530.956,-8.7844)
(2812,942.822,-148.89)
(2813,-1816.26,1095.27)
(2814,583.996,1692.83)
(2815,-1323.55,1700.28)
(2816,-3361.2,1449.54)
(2817,227.95,-419.094)
(2818,-1970.71,1366.92)
(2819,378.174,2196.43)
(2820,-1269.73,769.802)
(2821,-616.02,226.504)
(2822,1272.18,302.561)
(2823,1252.72,657.607)
(2824,389.405,1862.63)
(2825,-3786.08,1598.2)
(2826,460.569,1892.76)
(2827,-1537.16,864.541)
(2828,1648.46,2831.69)
(2829,1253.83,490.926)
(2830,-3673.77,1732.97)
(2831,-1665.37,732.997)
(2832,-2402.48,1890.09)
(2833,-1049.9,413.979)
(2834,-412.756,510.051)
(2835,-230.729,404.082)
(2836,1425.41,1759.99)
(2837,-1717.07,1285.41)
(2838,1120.84,-75.8349)
(2839,-76.6133,122.203)
(2840,-1005.31,-381.51)
(2841,-3439.59,1368.7)
(2842,197.593,219.944)
(2843,1954.14,1344.79)
(2844,1375.59,2690.03)
(2845,-223.279,296.001)
(2846,-569.54,-312.903)
(2847,1505.58,848.417)
(2848,117.088,442.445)
(2849,-1107.17,603.788)
(2850,510.941,-707.533)
(2851,379.508,2039.98)
(2852,206.711,757.46)
(2853,-97.8515,1908.33)
(2854,1399.39,2787.88)
(2855,-664.501,514.165)
(2856,-608.57,490.592)
(2857,-1415.96,922.028)
(2858,-1163.88,-350.931)
(2859,1416.07,759.017)
(2860,-1153.2,-488.146)
(2861,2034.2,341.813)
(2862,-3375.66,1676.26)
(2863,1245.38,1699.28)
(2864,-2392.8,2000.73)
(2865,2404.81,499.932)
(2866,1625.89,-1553.73)
(2867,54.8191,1872.74)
(2868,-1399.83,1207.13)
(2869,-759.017,443.001)
(2870,2434.5,14.0106)
(2871,488.591,-700.194)
(2872,389.071,1198.57)
(2873,-3239,1734.97)
(2874,1798.13,-378.73)
(2875,-1260.84,1616)
(2876,-1992.84,1295.64)
(2877,1400.94,585.775)
(2878,2124.38,-1529.6)
(2879,1249.72,467.575)
(2880,1601.54,720.988)
(2881,103.745,-368.611)
(2882,992.192,1630.23)
(2883,1386.93,879.552)
(2884,-1276.18,-42.3653)
(2885,1402.17,2288.73)
(2886,90.5127,667.503)
(2887,146.555,424.653)
(2888,-1053.91,1107.84)
(2889,1793.13,1419.29)
(2890,1970.82,1253.17)
(2891,-2333.43,2079.12)
(2892,1443.2,1194.46)
(2893,-614.241,145.332)
(2894,-1459.43,1695.61)
(2895,405.639,812.946)
(2896,-1082.04,-429.435)
(2897,-4345.72,961.058)
(2898,-1960.37,1211.36)
(2899,-486.923,853.977)
(2900,-978.627,491.704)
(2901,1846.28,-1403.17)
(2902,187.252,111.084)
(2903,-1302.09,501.267)
(2904,1768.44,1617.66)
(2905,820.841,497.375)
(2906,1169.1,332.139)
(2907,-1114.17,646.598)
(2908,307.788,2031.42)
(2909,-1406.17,369.501)
(2910,1651.58,-1561.73)
(2911,1788.13,442.778)
(2912,314.57,159.676)
(2913,-1136.19,-12.0091)
(2914,-3408.79,1421.07)
(2915,1881.42,437.552)
(2916,2198.99,635.479)
(2917,-56.7094,-1175.66)
(2918,-1305.32,488.257)
(2919,2378.01,385.735)
(2920,-3238.11,998.197)
(2921,552.75,1710.96)
(2922,1402.72,456.344)
(2923,1256.28,1712.96)
(2924,2435.28,486.923)
(2925,482.03,2015.07)
(2926,-1654.69,1536.6)
(2927,-259.64,-1398.72)
(2928,-1670.59,1680.38)
(2929,-1307.43,1698.17)
(2930,-1249.39,899.345)
(2931,1266.29,305.897)
(2932,-4172.48,1113.73)
(2933,1990.5,1233.49)
(2934,-2350.99,586.553)
(2935,1426.74,540.296)
(2936,474.802,-462.904)
(2937,-3653.75,883.11)
(2938,-976.847,1219.36)
(2939,739.001,1216.47)
(2940,-1430.63,737.334)
(2941,-946.158,418.315)
(2942,-3437.48,1642.02)
(2943,62.8251,1883.42)
(2944,1996.5,1218.14)
(2945,-1061.58,568.206)
(2946,-517.279,0.889559)
(2947,-176.689,72.7215)
(2948,1239.38,1595.54)
(2949,2400.14,130.765)
(2950,-611.239,1352.8)
(2951,-751.455,244.518)
(2952,-1087.26,-422.652)
(2953,1198.46,651.825)
(2954,1055.46,1037.56)
(2955,-227.616,276.542)
(2956,1673.48,682.292)
(2957,-1936.13,1361.47)
(2958,1006.65,1155.98)
(2959,-807.942,1194.12)
(2960,-1309.32,707.978)
(2961,799.38,526.619)
(2962,-1215.69,-109.861)
(2963,-1537.16,1168.55)
(2964,724.435,193.146)
(2965,-207.601,1801.02)
(2966,-1071.36,-413.534)
(2967,-208.824,-1591.09)
(2968,-1978.05,1560.51)
(2969,-1280.74,720.098)
(2970,992.304,2524.57)
(2971,1057.8,1057.13)
(2972,2432.06,93.5149)
(2973,363.385,86.6208)
(2974,-608.792,494.373)
(2975,1898.99,1732.08)
(2976,467.019,1912.11)
(2977,-3558.13,1647.69)
(2978,-158.23,400.302)
(2979,9.22918,1835.16)
(2980,2117.6,-1838.83)
(2981,974.401,832.072)
(2982,1828.93,-150.113)
(2983,-1391.83,1213.25)
(2984,-4351.61,963.393)
(2985,-123.982,1893.32)
(2986,1266.4,2800.22)
(2987,741.225,-1999.4)
(2988,1143.64,1054.13)
(2989,-545.745,-378.841)
(2990,-4319.14,1007.76)
(2991,-1154.43,798.491)
(2992,-1976.27,1721.63)
(2993,1661.7,1256.73)
(2994,98.4075,568.206)
(2995,1178.56,328.692)
(2996,-1036.34,210.047)
(2997,152.671,1918.11)
(2998,-2410.82,1939.02)
(2999,109.305,598.785)
(3000,-620.579,-93.6261)
(3001,-1279.3,933.37)
(3002,-542.631,574.433)
(3003,1243.72,1954.25)
(3004,2362,147.556)
(3005,-546.412,360.049)
(3006,-1540.16,883.777)
(3007,329.915,2330.2)
(3008,1998.84,1651.36)
(3009,723.212,-210.158)
(3010,1685.49,2742.96)
(3011,-181.47,205.488)
(3012,-463.683,706.199)
(3013,-1965.59,1374.93)
(3014,-773.25,-258.528)
(3015,286.105,1904.44)
(3016,205.822,1886.09)
(3017,16.1233,-66.2722)
(3018,-1326.22,1702.84)
(3019,-1085.93,613.018)
(3020,-1267.29,714.205)
(3021,-87.6216,717.541)
(3022,1380.26,1683.71)
(3023,-790.374,1098.38)
(3024,1384.82,2106.03)
(3025,-268.425,373.504)
(3026,408.753,63.4923)
(3027,-1478.23,1024.44)
(3028,-3747.16,1459.88)
(3029,-1958.03,1341.68)
(3030,-3068.09,1898.21)
(3031,-3214.65,1753.43)
(3032,-66.0498,332.695)
(3033,110.528,607.68)
(3034,95.5164,292.554)
(3035,953.052,971.288)
(3036,-726.214,1360.58)
(3037,-3215.87,1737.42)
(3038,939.375,1629.78)
(3039,1346.01,2623.31)
(3040,2151.4,-2041.43)
(3041,-3124.58,1869.52)
(3042,794.043,-1061.13)
(3043,-902.347,399.19)
(3044,-498.042,771.915)
(3045,633.477,-3.78063)
(3046,-592.335,401.525)
(3047,375.394,1884.42)
(3048,-2343.77,596.672)
(3049,586.108,860.204)
(3050,1185.56,-209.936)
(3051,-2192.1,2095.47)
(3052,-2733.5,1914.33)
(3053,-2016.3,1701.73)
(3054,-853.087,277.876)
(3055,305.119,474.469)
(3056,-562.535,1359.25)
(3057,-1846.39,1300.2)
(3058,2128.16,328.247)
(3059,-2816.35,859.87)
(3060,1454.43,-1590.2)
(3061,757.905,-9.00679)
(3062,564.314,1708.95)
(3063,702.974,-200.373)
(3064,-1311.54,1713.51)
(3065,271.427,1875.3)
(3066,1219.92,446.225)
(3067,1271.74,1006.31)
(3068,-55.0415,1878.86)
(3069,281.879,1993.61)
(3070,-4332.49,960.947)
(3071,-3698.45,1719.96)
(3072,1311.54,440.999)
(3073,-92.7366,16.6792)
(3074,-2164.97,1526.6)
(3075,-373.17,1439.75)
(3076,969.62,1005.65)
(3077,-5.00377,20.7935)
(3078,1021.55,-80.6163)
(3079,-1961.48,2094.36)
(3080,-495.485,336.365)
(3081,-77.8364,16.6792)
(3082,-3314.94,1753.99)
(3083,-57.043,455.121)
(3084,1158.76,-139.327)
(3085,2092.91,-1077.7)
(3086,377.284,1902.1)
(3087,-1053.46,550.637)
(3088,361.384,2053.66)
(3089,409.642,-553.195)
(3090,-1695.5,730.773)
(3091,31.6906,433.215)
(3092,-2199.55,1900.21)
(3093,-1510.58,1668.59)
(3094,-130.098,1906.77)
(3095,1051.9,-101.187)
(3096,-3380.66,1651.13)
(3097,383.178,382.066)
(3098,-1761.88,1286.86)
(3099,-3826.33,1734.86)
(3100,447.782,-1973.38)
(3101,-587.332,1378.71)
(3102,2435.61,74.6118)
(3103,1075.81,2499.88)
(3104,1136.19,-205.377)
(3105,372.948,1591.64)
(3106,-1371.81,611.461)
(3107,339.367,1913.89)
(3108,700.306,844.748)
(3109,1445.87,803.939)
(3110,44.8116,377.396)
(3111,336.921,-44.8116)
(3112,-120.313,-2.77987)
(3113,-257.75,422.541)
(3114,-2111.81,1392.38)
(3115,613.907,1217.03)
(3116,-1308.65,1686.27)
(3117,768.579,-35.4712)
(3118,-1551.17,1321.55)
(3119,-8.22842,33.6921)
(3120,-1188.34,1411.06)
(3121,1460.99,1523.04)
(3122,721.544,-35.8048)
(3123,-1522.81,1308.21)
(3124,165.013,1555.95)
(3125,263.643,1912.22)
(3126,1509.47,1232.93)
(3127,-1641.24,732.997)
(3128,-1187.9,471.244)
(3129,-3514.87,1369.03)
(3130,-984.853,1272.29)
(3131,2040.43,1794.8)
(3132,-1031.78,594.114)
(3133,-3928.74,944.601)
(3134,-3789.08,1713.63)
(3135,1390.94,-1617.89)
(3136,-1516.03,1299.42)
(3137,-1086.37,-412.533)
(3138,900.568,-823.51)
(3139,-1157.21,-506.826)
(3140,-1387.94,448.672)
(3141,1648.02,-1758.88)
(3142,-605.012,478.249)
(3143,-1672.71,1614.77)
(3144,125.094,-1164.66)
(3145,1623.67,1461.43)
(3146,-1405.28,735.443)
(3147,-748.342,510.274)
(3148,-3536.78,1312.99)
(3149,370.724,1888.42)
(3150,472.578,-447.893)
(3151,823.287,-779.254)
(3152,1283.63,722.545)
(3153,312.791,1972.6)
(3154,-948.826,-354.156)
(3155,-118.645,728.772)
(3156,-1306.65,805.051)
(3157,-965.506,457.456)
(3158,1318.33,2027.86)
(3159,563.647,471.8)
(3160,-774.139,1417.85)
(3161,614.908,490.814)
(3162,383.289,1934.01)
(3163,481.14,577.435)
(3164,-1276.63,1625)
(3165,-605.345,1373.37)
(3166,-694.746,354.156)
(3167,288.106,1904.32)
(3168,1304.54,723.212)
(3169,-502.712,-517.056)
(3170,2117.04,-1596.09)
(3171,-1392.72,384.401)
(3172,1405.06,2246.47)
(3173,380.843,1603.32)
(3174,-2520.46,2157.63)
(3175,-1810.14,975.068)
(3176,1976.49,-287.216)
(3177,1033.45,2095.47)
(3178,315.682,1223.14)
(3179,544.744,-74.2782)
(3180,2274.16,-1493.57)
(3181,718.764,405.861)
(3182,-4197.72,1092.05)
(3183,1138.19,-193.034)
(3184,-152.337,49.037)
(3185,1320.55,439.22)
(3186,-1266.51,1676.49)
(3187,-166.57,-33.8033)
(3188,-788.594,507.16)
(3189,1351.24,432.437)
(3190,870.1,1645.24)
(3191,-2449.74,2078.57)
(3192,262.086,1979.27)
(3193,-2733.95,1881.97)
(3194,-1445.87,1693.61)
(3195,-4251.09,962.281)
(3196,1003.09,2147.06)
(3197,265.867,1989.39)
(3198,-70.2752,439.22)
(3199,1180.56,2737.17)
(3200,-1683.6,1217.36)
(3201,1019.21,995.528)
(3202,-3592.15,1108.84)
(3203,-2708.15,1872.3)
(3204,1309.1,2221.79)
(3205,469.02,-432.215)
(3206,816.504,466.574)
(3207,1020.77,1140.64)
(3208,-941.154,-353.155)
(3209,-1282.08,1659.36)
(3210,-1291.53,468.131)
(3211,-3725.03,1748.76)
(3212,-551.86,558.977)
(3213,333.029,1884.31)
(3214,-1412.73,914.801)
(3215,1017.21,2554.48)
(3216,1101.16,-79.3932)
(3217,-1663.7,1740.53)
(3218,-3778.63,1558.51)
(3219,-803.161,-54.2631)
(3220,-1936.13,1684.38)
(3221,1310.54,646.043)
(3222,-62.0468,336.587)
(3223,1330.67,1825.49)
(3224,1895.43,1870.97)
(3225,967.285,872.991)
(3226,-1446.53,1704.51)
(3227,-3655.87,1712.29)
(3228,1208.24,593.67)
(3229,-987.745,422.874)
(3230,-2164.74,1517.03)
(3231,-600.23,487.256)
(3232,572.431,2433.5)
(3233,-500.711,335.809)
(3234,-371.947,1718.41)
(3235,-2238.24,530.733)
(3236,-243.85,245.852)
(3237,-1048.57,1732.75)
(3238,-170.462,-63.6035)
(3239,159.676,-385.958)
(3240,1797.13,-662.277)
(3241,704.42,1244.27)
(3242,-1126.18,831.738)
(3243,1415.73,1739.87)
(3244,631.698,-964.727)
(3245,1825.71,1430.86)
(3246,1898.65,1692.61)
(3247,2137.28,-2205.66)
(3248,-4318.25,978.849)
(3249,-1783.57,871.879)
(3250,-3072.65,1897.43)
(3251,-856.423,102.855)
(3252,571.431,844.414)
(3253,-476.47,826.067)
(3254,-248.076,377.062)
(3255,-804.384,-99.7418)
(3256,-603.677,498.264)
(3257,966.951,1910.33)
(3258,794.599,635.59)
(3259,2083.01,322.021)
(3260,-243.183,260.641)
(3261,244.74,-105.413)
(3262,-1656.69,1755.77)
(3263,118.979,482.586)
(3264,1162.21,-1320.33)
(3265,370.946,1894.65)
(3266,1945.24,-1805.36)
(3267,1483.9,-2416.82)
(3268,570.319,-921.695)
(3269,-3713.13,1439.86)
(3270,-3443.6,1377.71)
(3271,-1744.98,1071.92)
(3272,-1198.9,954.942)
(3273,225.392,1517.92)
(3274,-2459.97,1818.04)
(3275,1070.47,2618.64)
(3276,1198.68,1582.64)
(3277,1346.35,2584.28)
(3278,2236.57,-43.5884)
(3279,1567.74,-1538.38)
(3280,364.163,800.603)
(3281,988.523,1014.54)
(3282,2047.65,-2358.56)
(3283,-3045.63,1901.99)
(3284,295.223,2020.52)
(3285,-1209.02,1406.28)
(3286,-1175.22,604.011)
(3287,1179.11,1675.6)
(3288,-606.568,509.606)
(3289,-641.261,377.173)
(3290,1517.14,198.149)
(3291,719.431,-19.5703)
(3292,1152.42,2338.54)
(3293,1190.79,325.023)
(3294,-928.255,438.442)
(3295,1403.95,-470.355)
(3296,1584.31,1518.92)
(3297,-1154.65,-502.156)
(3298,-490.036,-492.594)
(3299,1466.99,206.6)
(3300,136.659,-1160.76)
(3301,-545.189,669.727)
(3302,-1079.15,1736.09)
(3303,-26.9092,450.784)
(3304,-4306.91,958.611)
(3305,80.5051,285.549)
(3306,-1123.85,795.266)
(3307,-2160.74,1865.63)
(3308,773.138,-226.949)
(3309,-1545.16,1290.64)
(3310,-1480.89,1115.4)
(3311,548.636,877.106)
(3312,-528.065,-74.3894)
(3313,-1046.34,535.404)
(3314,-3496.19,1369.14)
(3315,1409.06,1548.95)
(3316,285.882,2010.96)
(3317,1376.15,647.043)
(3318,-3475.73,1620.44)
(3319,-2468.42,2168.63)
(3320,-1300.31,691.966)
(3321,-879.107,402.414)
(3322,-3625.96,1710.18)
(3323,-4137.01,947.047)
(3324,1385.16,1707.18)
(3325,-606.012,1346.46)
(3326,-3412.79,1653.02)
(3327,1967.93,1302.98)
(3328,-822.731,-112.974)
(3329,-482.586,330.471)
(3330,-2412.82,1927.34)
(3331,-931.146,1518.59)
(3332,167.015,236.067)
(3333,813.724,-234.955)
(3334,-1576.86,799.269)
(3335,1230.93,760.462)
(3336,-52.3728,1831.94)
(3337,-2363.34,2064.89)
(3338,1400.94,580.438)
(3339,1878.97,-707.867)
(3340,310.234,1868.63)
(3341,573.766,-58.9333)
(3342,-3772.4,1739.09)
(3343,461.348,1214.58)
(3344,1593.31,742.004)
(3345,-1081.59,1733.2)
(3346,1121.51,1060.13)
(3347,1031.44,-440.443)
(3348,-480.584,750.343)
(3349,-4220.07,1088.93)
(3350,1540.27,-1537.49)
(3351,-2448.62,2051.88)
(3352,-150.224,1813.03)
(3353,-3471.73,1655.36)
(3354,681.847,427.878)
(3355,-2307.18,2069)
(3356,-595.226,495.818)
(3357,-1210.02,-160.121)
(3358,380.398,1597.32)
(3359,-1255.39,1462.77)
(3360,-2125.82,1830.16)
(3361,267.757,-1214.92)
(3362,868.21,-1544.94)
(3363,529.51,2433.5)
(3364,350.153,1908.22)
(3365,-1199.01,1425.07)
(3366,1879.53,-2483.76)
(3367,871.991,-331.917)
(3368,1944.02,1145.42)
(3369,1377.93,226.726)
(3370,1415.07,1796.58)
(3371,1748.99,1288.3)
(3372,1236.49,318.573)
(3373,1350.57,-1634.68)
(3374,2224.12,586.108)
(3375,328.803,-111.195)
(3376,-3576.25,894.563)
(3377,-2178.64,2091.47)
(3378,357.492,1888.53)
(3379,-184.806,214.384)
(3380,-505.159,315.238)
(3381,-588.666,403.193)
(3382,-1287.64,2.77987)
(3383,-645.487,-569.096)
(3384,291.108,2263.82)
(3385,1795.58,1566.96)
(3386,-1170.1,427.878)
(3387,-3331.07,1558.95)
(3388,-510.718,304.007)
(3389,946.714,-100.965)
(3390,-1672.15,1638.68)
(3391,-768.579,-123.76)
(3392,-3512.43,1318.77)
(3393,-135.435,365.498)
(3394,268.202,1494.02)
(3395,-1058.69,210.714)
(3396,1722.97,-512.942)
(3397,-135.435,10.2299)
(3398,-1998.51,1733.64)
(3399,168.683,379.731)
(3400,1959.03,-956.276)
(3401,-3388.78,1658.92)
(3402,-997.196,408.641)
(3403,2168.75,-1927.68)
(3404,-3218.43,1756.55)
(3405,-1098.05,226.949)
(3406,296.223,1910)
(3407,1770.22,-657.718)
(3408,-3445.6,1642.02)
(3409,-3707.79,1633.9)
(3410,1555.51,993.86)
(3411,-2401.7,2038.65)
(3412,-1251.5,1709.07)
(3413,1329.56,-475.358)
(3414,-517.612,299.114)
(3415,1257.28,310.011)
(3416,-1236.49,-245.074)
(3417,592.447,1082.82)
(3418,1094.05,1070.81)
(3419,-492.26,-313.347)
(3420,787.149,2004.29)
(3421,553.64,2017.74)
(3422,239.18,1324.55)
(3423,-1610.77,1310.32)
(3424,-1081.82,608.125)
(3425,473.69,1853.06)
(3426,905.238,2360.22)
(3427,-1835.38,802.605)
(3428,564.981,843.08)
(3429,1153.31,337.588)
(3430,1771.34,1965.93)
(3431,-49.5929,400.524)
(3432,441.777,2042.65)
(3433,749.565,-5.89333)
(3434,1705.4,-454.787)
(3435,2453.29,455.232)
(3436,-149.557,-291.108)
(3437,1405.39,752.345)
(3438,256.416,1915.56)
(3439,-1547.17,1295.75)
(3440,1647.91,-581.216)
(3441,-409.086,-309.455)
(3442,7.56126,363.051)
(3443,735.999,-202.597)
(3444,739.669,-242.516)
(3445,1226.48,321.242)
(3446,1228.37,-1717.41)
(3447,1313.43,1720.52)
(3448,-554.863,54.1519)
(3449,964.616,-90.8463)
(3450,-469.354,697.081)
(3451,-594.226,492.371)
(3452,-1084.48,778.364)
(3453,-3763.61,1735.42)
(3454,-763.909,-431.881)
(3455,2357.22,167.46)
(3456,574.878,-129.209)
(3457,-711.536,342.036)
(3458,1496.24,1470)
(3459,962.614,986.077)
(3460,388.07,1863.63)
(3461,1524.7,-478.361)
(3462,1419.07,-242.961)
(3463,864.985,453.008)
(3464,-1438.75,907.573)
(3465,492.482,50.4825)
(3466,-822.731,454.676)
(3467,-1892.32,1640.79)
(3468,366.387,1929.45)
(3469,-590.223,530.845)
(3470,-956.61,403.304)
(3471,1326.33,1905.1)
(3472,-605.012,-378.841)
(3473,-1101.72,651.157)
(3474,523.839,2031.42)
(3475,-1483.34,1114.4)
(3476,1631.56,-606.124)
(3477,-1878.86,1554.84)
(3478,-627.251,507.938)
(3479,-2763.64,1906.77)
(3480,-610.349,505.603)
(3481,-1388.16,859.759)
(3482,373.615,1890.98)
(3483,46.5907,-361.495)
(3484,305.564,-1190.68)
(3485,-255.415,-10.3411)
(3486,13.677,-55.7087)
(3487,-1526.48,1286.64)
(3488,1754.32,-135.769)
(3489,-1437.31,923.474)
(3490,2011.96,-225.948)
(3491,-694.19,-408.53)
(3492,32.5801,712.871)
(3493,885.223,2434.84)
(3494,-3424.58,1641.57)
(3495,-3283.59,1630.56)
(3496,1113.62,-1860.85)
(3497,-80.7275,5.67094)
(3498,1894.54,1397.28)
(3499,-1150.09,861.427)
(3500,1953.47,-951.05)
(3501,-3567.91,1108.95)
(3502,1296.2,-195.369)
(3503,-1180.33,-487.701)
(3504,-1634.79,1326)
(3505,2437.73,443.89)
(3506,-596.005,387.626)
(3507,-447.56,-431.325)
(3508,1877.3,-1825.6)
(3509,765.911,-147.667)
(3510,-837.631,-106.97)
(3511,-1995.28,1640.57)
(3512,-1574.96,1830.38)
(3513,-1802.36,360.383)
(3514,1832.94,1484.67)
(3515,-1493.79,1086.82)
(3516,-861.316,1233.26)
(3517,-1963.15,1333.89)
(3518,406.417,1861.18)
(3519,413.979,2432.06)
(3520,61.9356,-1727.3)
(3521,1166.77,470.466)
(3522,304.785,2288.5)
(3523,-16.9016,106.302)
(3524,762.352,658.052)
(3525,935.817,935.705)
(3526,-1486.12,1113.39)
(3527,-744.228,-139.438)
(3528,-105.302,-1241.38)
(3529,-2071.34,1717.29)
(3530,-396.41,1605.32)
(3531,467.908,1981.94)
(3532,-3436.37,1386.82)
(3533,-83.841,1908.33)
(3534,1116.73,371.725)
(3535,-1291.53,1129.07)
(3536,1405.5,640.26)
(3537,745.117,-874.882)
(3538,-1517.14,1302.87)
(3539,-571.542,399.968)
(3540,-3563.13,1657.14)
(3541,-806.942,-103.745)
(3542,612.35,1239.49)
(3543,824.066,1161.32)
(3544,-1484.56,1135.74)
(3545,-508.383,317.684)
(3546,365.609,1888.53)
(3547,261.864,1523.37)
(3548,386.736,1864.52)
(3549,-1304.54,529.177)
(3550,575.879,1115.95)
(3551,664.39,-182.693)
(3552,-936.15,-354.601)
(3553,2232.13,340.812)
(3554,-3764.95,1494.46)
(3555,880.775,-2000.06)
(3556,-1831.94,784.48)
(3557,273.651,1907.55)
(3558,363.163,-123.538)
(3559,2.00151,336.809)
(3560,1467.88,-2408.37)
(3561,-1373.81,625.916)
(3562,-1689.61,1218.14)
(3563,2416.93,418.538)
(3564,-670.839,-433.883)
(3565,729.216,827.957)
(3566,-1802.25,872.88)
(3567,-313.014,1749.65)
(3568,-3183.51,1795.24)
(3569,1271.74,785.815)
(3570,-1273.29,-6.6717)
(3571,-125.65,23.0173)
(3572,-52.7064,369.723)
(3573,-4145.9,1123.4)
(3574,976.291,-1711.62)
(3575,1430.86,545.411)
(3576,1158.76,2725.5)
(3577,1923.78,1142.08)
(3578,-3356.97,1686.27)
(3579,865.653,-1557.4)
(3580,508.272,1702.28)
(3581,-767.134,508.494)
(3582,-1315.44,1154.76)
(3583,961.058,1786.46)
(3584,-3247.45,1709.29)
(3585,1497.02,1220.81)
(3586,-1962.15,1358.13)
(3587,270.426,-1815.37)
(3588,115.532,-91.7358)
(3589,2286.95,-1470.55)
(3590,1931.23,1069.58)
(3591,830.626,453.008)
(3592,243.739,213.828)
(3593,-3211.64,1745.2)
(3594,1757.32,1401.28)
(3595,2220.45,-1639.46)
(3596,-1092.6,-19.4591)
(3597,22.795,1840.61)
(3598,-290.441,232.175)
(3599,2044.99,324.244)
(3600,-600.564,-74.2782)
(3601,-1812.37,957.611)
(3602,-575.434,402.526)
(3603,-1219.14,1437.64)
(3604,289.663,2271.05)
(3605,-2460.52,2015.52)
(3606,-570.319,1346.01)
(3607,-1315.55,1503.69)
(3608,2070.23,881.776)
(3609,662.166,-9.89635)
(3610,525.507,1705.17)
(3611,-595.782,160.677)
(3612,1938.68,1656.25)
(3613,1543.16,-182.471)
(3614,-2395.81,1868.19)
(3615,-1108.28,-423.653)
(3616,-3585.81,1670.59)
(3617,-605.012,487.812)
(3618,1250.05,1708.18)
(3619,1237.82,-605.456)
(3620,2442.95,450.117)
(3621,1302.54,2237.02)
(3622,-938.708,-362.718)
(3623,-854.422,523.617)
(3624,1356.47,2684.58)
(3625,-50.3713,1897.21)
(3626,1626.34,-1778.12)
(3627,412.088,1861.51)
(3628,1900.43,1386.93)
(3629,1901.99,-141.885)
(3630,-2389.47,2017.08)
(3631,-1294.64,927.254)
(3632,881.998,1664.14)
(3633,-1568.96,1337.34)
(3634,1247.5,760.462)
(3635,-1259.5,1684.27)
(3636,1075.92,-123.426)
(3637,609.015,1190.12)
(3638,-906.016,562.869)
(3639,-581.994,-569.985)
(3640,454.565,90.2903)
(3641,425.654,1868.41)
(3642,465.573,1909.22)
(3643,-3470.84,1346.01)
(3644,-2900.41,900.901)
(3645,-476.804,693.745)
(3646,5.33736,324.467)
(3647,-99.2971,-179.024)
(3648,1426.19,1531.6)
(3649,-808.054,66.3834)
(3650,-2068.78,1463.77)
(3651,-2009.63,1503.8)
(3652,-757.015,-178.468)
(3653,977.07,395.076)
(3654,537.405,865.097)
(3655,1150.98,344.704)
(3656,1829.05,-1439.53)
(3657,1394.61,487.923)
(3658,-22.1278,106.302)
(3659,1547.5,193.702)
(3660,-1086.82,1719.85)
(3661,-102.633,1587.09)
(3662,-143.775,1861.4)
(3663,775.473,575.99)
(3664,856.423,-297.113)
(3665,439.776,1866.74)
(3666,2107.48,330.249)
(3667,-1252.61,607.68)
(3668,-2785.1,1908.22)
(3669,1142.42,1669.37)
(3670,1048.57,-81.0611)
(3671,2221.34,-1968.93)
(3672,515.722,597.673)
(3673,1482.9,2808.01)
(3674,-3604.05,1666.92)
(3675,-3751.83,1740.53)
(3676,-1544.83,1306.43)
(3677,-535.07,677.622)
(3678,-560.534,45.5899)
(3679,-125.65,1902.43)
(3680,718.43,-219.276)
(3681,650.602,-697.303)
(3682,-4208.62,1095.38)
(3683,-3495.63,1642.24)
(3684,1433.3,1769.22)
(3685,-815.726,406.862)
(3686,-1356.36,706.533)
(3687,-1085.15,-431.325)
(3688,773.917,-222.39)
(3689,-673.174,370.168)
(3690,-97.6291,-247.186)
(3691,-1248.61,1457.99)
(3692,-2172.19,1533.71)
(3693,-3065.2,1946.13)
(3694,916.469,716.651)
(3695,-480.584,322.91)
(3696,1496.79,1360.58)
(3697,-3771.18,1733.97)
(3698,-492.26,313.236)
(3699,-3798.2,1753.88)
(3700,84.5081,193.479)
(3701,-1394.61,653.159)
(3702,1207.35,771.693)
(3703,-1720.52,322.465)
(3704,-2070.89,1360.36)
(3705,-632.588,379.953)
(3706,1909.44,1682.27)
(3707,-1441.2,910.575)
(3708,579.659,943.823)
(3709,418.538,1967.37)
(3710,-2135.72,1841.83)
(3711,-2045.99,1443.64)
(3712,438.886,1908.99)
(3713,-923.585,400.079)
(3714,230.173,211.938)
(3715,1801.58,509.829)
(3716,-2452.18,2027.42)
(3717,-1999.28,428.656)
(3718,-1573.3,1215.58)
(3719,-1871.74,1939.46)
(3720,-440.554,1702.28)
(3721,-101.299,1.44553)
(3722,-1238.71,1477.34)
(3723,-3371.43,1683.94)
(3724,-619.912,210.603)
(3725,433.994,1918.22)
(3726,-1208.58,-503.824)
(3727,-1046.79,853.866)
(3728,1214.69,321.576)
(3729,455.454,1648.58)
(3730,1068.36,2455.63)
(3731,383.178,1869.74)
(3732,-128.764,361.384)
(3733,-574.433,383.845)
(3734,468.019,73.8334)
(3735,594.003,-948.938)
(3736,1443.75,398.967)
(3737,-44.3668,368.278)
(3738,2206.33,-1646.69)
(3739,-693.078,422.763)
(3740,-1676.93,1231.26)
(3741,-1758.55,1884.75)
(3742,-92.6254,-1206.02)
(3743,-677.511,-226.615)
(3744,89.4007,577.769)
(3745,1071.92,1084.93)
(3746,-814.503,-110.528)
(3747,-1187.78,833.517)
(3748,1479.34,453.008)
(3749,-943.267,401.858)
(3750,-147.889,745.117)
(3751,-481.919,319.574)
(3752,-592.891,-265.2)
(3753,1720.96,-137.548)
(3754,1754.99,-655.049)
(3755,1458.88,2723.94)
(3756,15.6785,446.67)
(3757,-1226.59,1711.62)
(3758,-1160.88,-492.594)
(3759,-677.733,-138.882)
(3760,-1526.93,1309.88)
(3761,429.212,1872.86)
(3762,1102.94,2394.14)
(3763,390.739,2041.21)
(3764,425.209,2032.64)
(3765,-980.183,155.562)
(3766,-1201.02,-494.484)
(3767,-1161.21,882.332)
(3768,921.917,-381.176)
(3769,1662.14,-1761.88)
(3770,-2453.63,2034.64)
(3771,-1251.17,1701.73)
(3772,1922,1119.62)
(3773,-609.126,492.482)
(3774,-2786.1,1904.77)
(3775,1285.86,741.448)
(3776,-1769.67,1935.46)
(3777,-2491.88,1997.39)
(3778,704.42,408.308)
(3779,-3715.8,1558.06)
(3780,-939.931,1592.98)
(3781,-216.719,-1316.88)
(3782,835.852,1171.99)
(3783,-1036.89,413.089)
(3784,1000.75,2135.39)
(3785,-1536.05,1310.32)
(3786,2327.31,-1582.75)
(3787,-1093.94,420.206)
(3788,-154.227,161.789)
(3789,2122.04,330.249)
(3790,-1477.78,930.257)
(3791,-845.637,287.105)
(3792,-2446.51,2062.44)
(3793,2008.4,1680.04)
(3794,2406.04,410.309)
(3795,-1801.14,1580.86)
(3796,-306.898,-398.856)
(3797,1704.51,-1792.13)
(3798,-1323,1512.81)
(3799,-53.596,349.152)
(3800,-1389.27,889.671)
(3801,100.409,602.343)
(3802,1672.04,2736.28)
(3803,-501.378,888.559)
(3804,-1792.24,1253.28)
(3805,296.223,1869.85)
(3806,-1371.03,594.003)
(3807,-130.654,1816.48)
(3808,1066.47,984.853)
(3809,2355.44,177.801)
(3810,1431.52,900.234)
(3811,-4140.23,1121.29)
(3812,-172.241,1845.17)
(3813,-4239.2,1057.46)
(3814,-334.586,-79.3932)
(3815,-1412.73,1672.59)
(3816,1652.47,698.527)
(3817,1920.78,1367.59)
(3818,-155.228,-388.849)
(3819,895.675,2424.49)
(3820,-3816.32,1761.22)
(3821,-1248.83,1702.73)
(3822,90.6239,584.997)
(3823,-1598.2,1300.54)
(3824,-1676.37,1573.19)
(3825,-952.051,480.362)
(3826,17.4576,-71.6095)
(3827,1080.37,-17.68)
(3828,-590.445,383.289)
(3829,779.032,541.408)
(3830,-478.249,-200.151)
(3831,30.0226,712.537)
(3832,728.994,424.32)
(3833,322.243,507.16)
(3834,240.515,543.632)
(3835,-688.519,1341.01)
(3836,1846.17,-343.036)
(3837,1082.15,2437.73)
(3838,-558.977,505.381)
(3839,1704.95,-1569.85)
(3840,1234.04,2020.86)
(3841,-658.941,-448.783)
(3842,570.652,11.0083)
(3843,1349.02,2199.77)
(3844,1505.58,2271.6)
(3845,448.56,828.18)
(3846,2026.31,-141.106)
(3847,2144.28,329.026)
(3848,1126.07,689.853)
(3849,216.385,1953.92)
(3850,-836.853,-96.5172)
(3851,-55.0415,346.15)
(3852,847.305,2434.39)
(3853,-3044.74,1896.21)
(3854,-389.627,1594.2)
(3855,-1547.61,1301.2)
(3856,236.512,-17.4576)
(3857,332.806,1868.52)
(3858,-909.463,1121.51)
(3859,-1655.14,285.437)
(3860,-1102.72,527.286)
(3861,1231.71,1019.21)
(3862,-1396.72,874.103)
(3863,-555.53,364.386)
(3864,-102.744,-230.729)
(3865,-2433.61,2052.99)
(3866,712.204,-25.0189)
(3867,-1471.66,1692.05)
(3868,-818.395,-82.6178)
(3869,1942.24,-158.23)
(3870,-2445.07,637.036)
(3871,1436.42,-243.406)
(3872,-2395.47,2031.53)
(3873,-636.925,163.234)
(3874,1029,-1910)
(3875,2327.42,201.596)
(3876,0.555975,378.063)
(3877,1157.76,-1307.32)
(3878,-640.149,-240.959)
(3879,-120.091,-277.876)
(3880,-3428.14,1665.03)
(3881,1241.05,2034.31)
(3882,-547.635,664.501)
(3883,-525.507,886.224)
(3884,-2230.9,2082.46)
(3885,2247.03,214.495)
(3886,862.317,626.695)
(3887,1354.91,648.711)
(3888,-2407.7,2002.06)
(3889,347.929,2266.37)
(3890,-476.025,-312.569)
(3891,543.521,873.992)
(3892,121.425,199.595)
(3893,-628.696,-486.478)
(3894,1735.53,1307.99)
(3895,-1093.6,-425.988)
(3896,-267.757,1.55673)
(3897,-1141.19,602.677)
(3898,952.273,1196.35)
(3899,1422.63,2396.81)
(3900,-3429.47,1672.26)
(3901,-769.469,444.891)
(3902,-3697.56,1736.42)
(3903,-1002.42,451.451)
(3904,865.208,660.609)
(3905,-1510.25,1150.53)
(3906,-1644.91,1332.67)
(3907,1634.12,467.686)
(3908,1530.04,964.727)
(3909,-1216.47,1425.19)
(3910,1075.92,948.159)
(3911,343.815,510.718)
(3912,-3321.06,1019.55)
(3913,964.838,1885.42)
(3914,1014.43,2086.46)
(3915,370.39,-364.608)
(3916,-1156.54,1064.69)
(3917,-673.952,514.388)
(3918,1989.05,-177.356)
(3919,-1584.75,1000.87)
(3920,-2395.81,2007.18)
(3921,2182.09,-1629.9)
(3922,-810.945,-209.936)
(3923,-110.194,-202.264)
(3924,1054.35,-4.11421)
(3925,109.638,192.034)
(3926,-68.2737,1568.29)
(3927,-1703.84,804.829)
(3928,244.295,1306.87)
(3929,763.576,1589.42)
(3930,434.995,2029.2)
(3931,2350.99,370.835)
(3932,754.902,-115.976)
(3933,1358.36,1876.08)
(3934,-3403.57,1619)
(3935,-837.854,-100.743)
(3936,-1487.79,1141.3)
(3937,-1530.6,1285.86)
(3938,394.075,-129.653)
(3939,-616.02,197.149)
(3940,1411.4,2375.57)
(3941,1320.77,2210.78)
(3942,-1497.13,1100.05)
(3943,-585.219,142.552)
(3944,-1010.65,184.472)
(3945,1442.64,208.046)
(3946,1251.39,313.014)
(3947,-957.611,600.564)
(3948,-1265.62,1663.36)
(3949,-3841.56,1736.09)
(3950,1721.85,1327.67)
(3951,958.055,2033.53)
(3952,-247.853,384.067)
(3953,896.898,2333.54)
(3954,-3520.76,1320.88)
(3955,-506.715,306.564)
(3956,1604.54,454.898)
(3957,-597.45,390.517)
(3958,-56.1534,344.593)
(3959,412.867,1951.58)
(3960,1258.39,511.83)
(3961,300.782,152.893)
(3962,-3393.78,1456.43)
(3963,34.804,314.126)
(3964,-3476.18,1330.22)
