4
police
50
3881
74
3570
1953
3479
962
1191
977
644
1868
3090
789
3255
613
1218
1347
3732
3261
712
1941
212
1706
3904
265
1559
3946
1234
1198
2778
1798
1117
2289
1465
317
3834
982
1279
1064
1551
1923
2932
679
2305
1817
1292
3523
3164
1062
2414
3469
court
20
2596
2218
1213
2538
2483
2772
2114
3717
8
522
1146
717
2812
2611
1034
2684
3185
1906
3340
774
prison
30
3421
2310
1453
1764
165
2337
1326
2922
2991
3740
2429
1625
1589
3642
3755
110
2045
1907
3828
1645
2430
1012
1955
872
3623
2989
3148
2846
525
2527
hq
1
3620