7938
(4429,2578)
(5251,2268)
(3491,3259)
(5680,3203)
(4608,2208)
(3191,1963)
(4728,5302)
(4826,2802)
(787,1821)
(6590,5487)
(3238,6031)
(1559,6429)
(560,2923)
(3069,3516)
(141,4297)
(5810,568)
(1530,6846)
(4921,6849)
(4480,6338)
(1766,1611)
(3199,2635)
(7065,5976)
(5214,2112)
(1365,317)
(2815,203)
(6808,3507)
(5063,3803)
(406,2905)
(3944,4240)
(2157,3104)
(412,5097)
(1449,4418)
(1531,3983)
(6906,4962)
(6183,4986)
(4588,76)
(6503,5582)
(4678,5497)
(178,5701)
(4438,2874)
(5896,2702)
(6218,4443)
(6777,4518)
(18,6932)
(36,2257)
(6537,2653)
(3093,3240)
(939,24)
(3161,3649)
(4830,3919)
(6004,1477)
(3232,271)
(1179,5352)
(6172,3407)
(781,638)
(4712,6843)
(4410,6149)
(4190,4904)
(47,5592)
(5804,3288)
(1010,2907)
(4675,3013)
(3246,5596)
(3766,1982)
(1646,2757)
(1630,2935)
(2479,3362)
(4030,918)
(5598,6926)
(5931,3719)
(5740,1131)
(1976,5631)
(4197,216)
(7095,3589)
(5672,5428)
(1033,322)
(4553,3842)
(471,5372)
(3261,6613)
(7072,1590)
(2003,5442)
(293,708)
(2326,2795)
(1331,1536)
(6685,3961)
(3230,3383)
(365,6353)
(1750,1195)
(4409,2918)
(5001,6855)
(6663,5107)
(2847,3176)
(624,2496)
(1732,1628)
(4797,5718)
(170,2108)
(2735,6009)
(6116,6751)
(6563,1116)
(1598,3779)
(716,1029)
(6969,696)
(2061,4699)
(2011,3079)
(3020,4081)
(6741,2263)
(6441,3636)
(4564,2211)
(6327,255)
(3366,4867)
(6995,1308)
(1267,944)
(1017,1930)
(5796,436)
(5868,349)
(3673,1182)
(90,5775)
(1266,2866)
(4302,92)
(1979,6547)
(6533,6445)
(5857,1345)
(4585,3140)
(4974,2896)
(2105,1060)
(6328,1256)
(5787,302)
(6295,2365)
(1529,4439)
(1906,6779)
(5192,3373)
(1367,931)
(4468,823)
(5930,2288)
(4683,5004)
(4194,1692)
(5830,6323)
(1560,1206)
(1673,1484)
(273,353)
(2030,6847)
(4492,1500)
(83,1291)
(2591,1359)
(6402,1438)
(1997,6977)
(4535,4785)
(4172,795)
(3008,332)
(404,406)
(5396,4274)
(4509,5919)
(2299,6584)
(5575,1234)
(89,3897)
(5503,642)
(3719,5706)
(396,1914)
(979,5441)
(5806,6111)
(6181,2975)
(3271,888)
(6002,4477)
(5636,3167)
(398,588)
(5916,4133)
(6236,2812)
(1680,6604)
(286,7022)
(666,4232)
(4968,7026)
(1228,3284)
(2673,6914)
(2896,1792)
(4622,670)
(3346,35)
(1727,4784)
(112,2012)
(6122,5025)
(429,982)
(3104,3692)
(361,1101)
(2989,5350)
(1239,1616)
(3296,3550)
(6706,4902)
(2497,3895)
(6177,1827)
(5105,5585)
(577,6111)
(3043,2370)
(6078,4101)
(1155,428)
(2422,2755)
(3798,5255)
(5882,5798)
(1423,5800)
(1713,6215)
(2975,3377)
(2933,1781)
(824,4566)
(3448,1174)
(4583,3293)
(3227,141)
(2657,6777)
(702,2591)
(1736,5933)
(1706,909)
(1931,1170)
(884,4744)
(2744,7095)
(5427,786)
(3747,3845)
(155,2054)
(2854,781)
(369,1670)
(725,5414)
(681,7102)
(1799,5285)
(4915,6804)
(430,7020)
(3365,928)
(4637,254)
(3311,2168)
(804,4385)
(5133,845)
(2572,5208)
(2982,4914)
(2280,377)
(6002,4717)
(5221,1556)
(908,5622)
(4664,966)
(4504,4287)
(4676,5270)
(1005,3650)
(3537,3388)
(4100,2709)
(5695,534)
(1058,5637)
(5301,755)
(863,4182)
(2766,2557)
(159,875)
(1054,5188)
(7016,5846)
(6559,2762)
(6289,3073)
(1231,500)
(2273,2789)
(1111,6476)
(5891,4218)
(2993,1146)
(6302,2107)
(116,4252)
(2879,940)
(5285,2700)
(261,5886)
(2760,5204)
(3530,463)
(2439,365)
(6807,2832)
(2925,6150)
(3584,4399)
(263,3959)
(2784,505)
(3977,2047)
(3205,3982)
(3542,4618)
(5236,984)
(629,6881)
(4550,2694)
(1092,4675)
(5918,6562)
(3135,5626)
(4484,4448)
(5499,6189)
(1554,315)
(3961,6387)
(1615,126)
(3057,5365)
(2398,6814)
(4696,5298)
(861,6864)
(4823,1488)
(1057,3194)
(4227,3715)
(1081,6697)
(3283,5905)
(1945,343)
(3745,1248)
(3876,2539)
(3890,3911)
(3613,4595)
(3097,560)
(6616,6258)
(135,1226)
(4928,5980)
(5634,3641)
(472,4379)
(3155,4031)
(581,1658)
(130,5850)
(5129,5773)
(525,2747)
(4973,4536)
(3058,206)
(2319,5229)
(2712,2881)
(784,2533)
(5463,1471)
(6015,2079)
(5382,886)
(5159,6643)
(3906,5729)
(1848,4437)
(4078,5373)
(2850,4557)
(3942,1494)
(3148,4399)
(21,2318)
(1273,1168)
(418,1407)
(4977,3834)
(1304,490)
(5275,1948)
(2404,4947)
(2441,6987)
(2253,4442)
(6839,1297)
(2492,5071)
(4,3096)
(6953,4546)
(94,5339)
(2055,1730)
(5082,4955)
(4656,1071)
(6217,2069)
(1494,5461)
(1543,3871)
(6690,4884)
(174,4220)
(2505,6482)
(3019,3057)
(1390,2667)
(1480,3031)
(1740,3784)
(2662,5889)
(3963,98)
(2880,4060)
(6728,3299)
(6306,4802)
(3685,5388)
(7028,3032)
(2447,5940)
(3105,4166)
(5255,6206)
(2039,3143)
(222,2616)
(4478,5400)
(1777,1578)
(5377,2731)
(1460,6756)
(5722,3382)
(6085,2552)
(149,5828)
(6035,883)
(6256,278)
(6764,5998)
(1208,1396)
(4120,1854)
(3816,3630)
(1242,239)
(6546,492)
(2802,6649)
(5601,3698)
(3780,6546)
(2889,4178)
(6368,6928)
(2293,7052)
(5464,1190)
(907,1300)
(2650,2564)
(3600,6137)
(5607,3164)
(6384,2239)
(411,3185)
(1184,3714)
(1847,6785)
(1833,3795)
(770,433)
(5711,6721)
(6622,2837)
(1051,1538)
(3300,3553)
(474,5267)
(5792,1706)
(6476,5763)
(6251,1282)
(2955,3473)
(1569,4208)
(6342,4970)
(6356,2992)
(6973,2356)
(5831,5396)
(1342,4519)
(5328,2477)
(1307,1534)
(580,17)
(799,1316)
(2875,4363)
(28,1748)
(1589,297)
(2053,1177)
(2058,3253)
(4106,2178)
(4230,818)
(3550,2600)
(3050,6386)
(2442,992)
(87,5565)
(3295,1082)
(1903,2689)
(5153,3135)
(4685,342)
(1515,1575)
(6762,2973)
(4472,1350)
(3484,6136)
(2154,6648)
(1202,1995)
(2978,1322)
(6120,7064)
(267,6910)
(761,1494)
(3737,1093)
(6369,6942)
(5045,3830)
(4935,6246)
(4120,6552)
(7054,4771)
(3969,477)
(2676,2380)
(4080,106)
(2244,1284)
(1316,4824)
(1413,2943)
(5407,1179)
(4136,2766)
(4844,5261)
(3206,6292)
(2064,4186)
(5059,6420)
(6388,3804)
(6471,4685)
(6242,3413)
(5436,646)
(6751,5748)
(4378,5147)
(5968,1621)
(3009,3922)
(6036,2225)
(5468,1324)
(3034,5805)
(1893,5853)
(760,3533)
(5200,2986)
(1209,5478)
(4241,6319)
(1551,95)
(1030,6913)
(1514,6125)
(3594,1799)
(283,2011)
(4714,3644)
(1754,132)
(4278,602)
(5103,4412)
(6409,5815)
(3872,719)
(4839,5220)
(5288,3331)
(5783,3476)
(4960,2206)
(6483,4015)
(4079,5223)
(619,6947)
(3850,5354)
(4650,5715)
(99,1831)
(2723,3134)
(3657,3619)
(333,2363)
(3504,4987)
(4042,5275)
(6059,4336)
(685,6300)
(3821,561)
(6276,2819)
(1415,159)
(1200,1660)
(5003,1458)
(5227,2781)
(5953,1643)
(1659,4404)
(5730,4996)
(3267,1869)
(182,6406)
(5999,4239)
(5352,3389)
(1063,3709)
(4291,5182)
(6754,2941)
(6793,1401)
(4407,5240)
(6748,4184)
(5654,4355)
(5033,5244)
(5262,2301)
(188,6235)
(7035,630)
(1144,738)
(6248,2286)
(1211,3159)
(5734,6492)
(6398,1008)
(4992,6003)
(6743,6434)
(5570,5198)
(2181,4514)
(3734,3417)
(227,165)
(5539,3620)
(2320,3581)
(1738,2387)
(5716,2727)
(4720,2824)
(3809,740)
(1583,6902)
(6025,5377)
(6597,3866)
(1074,2410)
(2641,2063)
(956,2759)
(6818,978)
(4008,5757)
(4453,3380)
(4694,5432)
(1898,5221)
(5443,3287)
(1796,4134)
(6105,1655)
(6065,1601)
(1274,6390)
(915,3109)
(4019,1074)
(4587,4690)
(2424,6244)
(391,1577)
(5217,169)
(2549,5323)
(6399,4936)
(2557,4005)
(6313,5913)
(1914,5603)
(6700,5212)
(2370,3373)
(684,2088)
(2178,4641)
(2209,6921)
(5024,2945)
(4602,4238)
(5530,6172)
(2963,5114)
(5162,2791)
(6472,6800)
(186,2732)
(3332,981)
(132,1363)
(3529,6193)
(3611,4104)
(2294,1383)
(2747,3360)
(6632,3301)
(6357,5209)
(6723,5783)
(2434,5085)
(5712,5786)
(6704,7009)
(3866,2240)
(6354,6523)
(2127,4932)
(4949,3506)
(1018,1169)
(376,6194)
(6847,2776)
(3037,1665)
(6173,1985)
(5296,3064)
(4788,2294)
(905,4095)
(5203,5790)
(1941,1361)
(2694,2182)
(5573,5805)
(1494,715)
(3146,4259)
(2179,5911)
(5799,3103)
(5617,3861)
(4961,7050)
(4774,606)
(4477,2813)
(6047,1607)
(5621,2116)
(1633,6644)
(1087,3963)
(3108,1890)
(432,3680)
(6536,1877)
(5080,6238)
(1359,3569)
(1395,6035)
(175,4325)
(1355,2769)
(2856,6718)
(7066,4946)
(4890,3551)
(3853,6946)
(167,4926)
(6570,5075)
(3509,3612)
(3845,6359)
(3186,6266)
(1475,3823)
(5279,128)
(1562,658)
(4100,2781)
(3869,52)
(6598,2919)
(5318,3707)
(1037,6711)
(2207,4248)
(1657,6800)
(992,227)
(4431,2124)
(4098,6835)
(5859,639)
(4353,1378)
(598,2153)
(6375,1986)
(3990,4891)
(826,4733)
(352,4169)
(6057,4659)
(846,5926)
(4987,2922)
(4919,4934)
(766,5604)
(5004,2962)
(1060,2408)
(4145,1175)
(616,6581)
(402,5038)
(5072,4433)
(3628,2723)
(4272,1411)
(2919,2322)
(4690,4360)
(1736,2889)
(4368,1783)
(937,1694)
(1996,763)
(5367,3838)
(6152,2487)
(2639,6204)
(4323,5587)
(2264,604)
(3026,3074)
(2396,318)
(2096,5713)
(2233,683)
(2463,5909)
(2545,2936)
(7003,6829)
(4059,2159)
(5633,5398)
(1593,2277)
(6287,6148)
(6908,5582)
(4341,3436)
(3446,1595)
(3000,5793)
(6623,1367)
(5678,5808)
(2720,6394)
(2999,6750)
(1511,4829)
(5932,4689)
(2986,1508)
(6892,5272)
(775,2860)
(2491,2835)
(4380,852)
(269,3123)
(1288,4624)
(7002,12)
(3107,3775)
(3315,2765)
(2317,4403)
(1668,3685)
(2084,687)
(1329,4210)
(5476,2309)
(5626,4227)
(3457,2934)
(15,5989)
(1817,4911)
(3762,4144)
(2943,4504)
(4604,2940)
(3377,3493)
(4452,2273)
(3064,6014)
(1528,6452)
(4159,7044)
(1758,727)
(6213,6887)
(7085,5283)
(5892,6232)
(4324,1998)
(416,2822)
(2385,6986)
(2421,151)
(1671,371)
(6666,1669)
(4345,2515)
(1597,4950)
(4177,6145)
(6819,289)
(1749,4958)
(5303,6653)
(5002,5883)
(873,232)
(5871,5669)
(1845,339)
(1031,6075)
(150,511)
(1760,6978)
(1983,2265)
(507,1953)
(6836,4214)
(2521,4334)
(1994,1791)
(4648,1565)
(1116,4848)
(330,1233)
(6824,1230)
(2440,57)
(1381,3029)
(1544,5418)
(6951,532)
(4108,3117)
(1124,6622)
(5973,6672)
(2567,474)
(5383,5946)
(1357,3513)
(4466,6995)
(3215,5589)
(4297,1204)
(4180,4423)
(5801,2770)
(3612,3451)
(1337,6896)
(5205,478)
(546,2837)
(1579,833)
(6585,919)
(2338,2611)
(346,4869)
(639,6898)
(1405,6298)
(5481,6906)
(5313,4564)
(2801,4438)
(4963,5938)
(227,7015)
(3921,5463)
(1422,3153)
(6125,1165)
(2658,3742)
(2107,471)
(3486,1718)
(6562,1043)
(2942,7014)
(6022,7085)
(2642,4407)
(3475,5062)
(6961,3215)
(3344,4680)
(1653,3565)
(841,4680)
(6624,5292)
(490,3121)
(4672,3827)
(5487,6157)
(5483,521)
(6934,1790)
(251,976)
(4094,7056)
(6763,5635)
(425,4170)
(4282,2312)
(671,3513)
(5284,4124)
(5175,3808)
(4867,1314)
(6981,5777)
(4965,5409)
(3071,2110)
(4212,2643)
(6965,5326)
(1522,3077)
(2891,857)
(7079,4515)
(1607,999)
(3817,176)
(211,5797)
(1978,5315)
(5622,3500)
(3224,4400)
(2146,1399)
(4691,5094)
(883,2361)
(4303,3956)
(4602,4041)
(4084,3854)
(3623,4201)
(6427,7021)
(2734,1351)
(3441,986)
(4864,6428)
(2677,72)
(4956,173)
(1166,6676)
(6642,5067)
(3179,4691)
(129,3828)
(4082,6794)
(1244,6239)
(703,809)
(4979,1110)
(6672,2627)
(1149,3606)
(3284,3040)
(6336,6251)
(561,2130)
(797,1422)
(3015,6842)
(2685,6240)
(727,6384)
(339,1497)
(5261,5021)
(3627,3440)
(1320,805)
(4288,2412)
(3464,430)
(12,567)
(2285,5143)
(5797,2215)
(5348,610)
(5604,3563)
(1784,2237)
(4485,5995)
(4683,6762)
(2821,3382)
(1294,154)
(4677,6724)
(6029,4091)
(1467,6124)
(4923,1981)
(380,1222)
(320,3213)
(437,4090)
(4852,79)
(4451,4265)
(7026,2435)
(5215,1747)
(2478,1887)
(2693,4850)
(3394,3530)
(6949,2256)
(6569,158)
(5841,3942)
(7003,2682)
(1473,4013)
(3843,799)
(6220,3308)
(1340,300)
(3742,980)
(5793,2502)
(1454,4382)
(4384,2259)
(420,4838)
(6090,2377)
(2619,686)
(142,2326)
(4687,2624)
(4279,3198)
(1933,1143)
(216,4631)
(4533,4247)
(3048,2131)
(4383,6560)
(945,99)
(3975,1715)
(4600,2958)
(1670,794)
(2810,4203)
(3885,2180)
(5347,895)
(2719,3593)
(2757,663)
(1193,4475)
(3783,3564)
(4610,6775)
(1786,3458)
(1892,985)
(3520,2027)
(6956,6089)
(3691,527)
(2535,1562)
(361,4243)
(3443,3036)
(2743,785)
(240,2586)
(6025,6980)
(5579,5041)
(6119,4483)
(171,3054)
(1044,6066)
(4746,2172)
(6071,166)
(6293,2931)
(6051,3797)
(6623,4754)
(4779,6658)
(6682,6415)
(6450,6092)
(7068,6716)
(4777,3235)
(6184,2072)
(4749,1772)
(584,993)
(3192,2149)
(3808,2495)
(4560,6055)
(5715,4006)
(3760,744)
(3709,1907)
(3497,4748)
(6067,1926)
(5478,6328)
(2114,1551)
(531,1094)
(1118,1412)
(308,1704)
(2918,5065)
(3112,1387)
(5703,2174)
(4872,3120)
(5742,656)
(1479,3090)
(3830,4517)
(6571,2728)
(3236,3266)
(4426,1388)
(4191,4123)
(1168,130)
(4881,6179)
(5776,3505)
(528,5431)
(6238,4777)
(2551,1755)
(1595,3372)
(2622,5395)
(6139,2703)
(6927,998)
(1407,6576)
(2351,59)
(6459,2188)
(6633,3423)
(532,6700)
(1378,5721)
(2184,3792)
(4199,714)
(6792,816)
(2515,2979)
(1070,209)
(3004,305)
(2338,926)
(5073,9)
(2506,6380)
(456,5585)
(1382,5063)
(1251,3001)
(1593,1860)
(6505,5609)
(4934,6693)
(4363,5570)
(4133,4440)
(1564,6421)
(5951,5996)
(55,5842)
(7061,2668)
(5332,4949)
(3527,1971)
(6525,5358)
(4110,1312)
(3251,5149)
(6060,6070)
(3962,2378)
(3848,3414)
(2057,1846)
(5260,2390)
(5135,6515)
(2701,6024)
(2838,6042)
(4606,4267)
(451,3607)
(1955,6363)
(5554,2999)
(2246,5342)
(3749,2871)
(2578,6931)
(1117,2472)
(6939,32)
(6115,133)
(5525,6796)
(3150,1365)
(661,5986)
(6964,595)
(3856,4270)
(1973,5353)
(4022,1961)
(4662,810)
(5181,6168)
(3653,6504)
(1360,466)
(3499,267)
(3391,3012)
(257,3955)
(4580,1717)
(301,5990)
(1291,1738)
(3604,968)
(4552,5287)
(5923,1151)
(5798,1733)
(780,6436)
(5064,6199)
(3578,4763)
(3411,5732)
(3253,4660)
(2323,451)
(1262,3471)
(1319,1625)
(4584,2995)
(4251,7090)
(2177,3463)
(1156,4816)
(4912,4555)
(1452,2758)
(65,5820)
(1370,4268)
(5424,2873)
(6452,2138)
(4856,6501)
(1333,5836)
(2987,3156)
(6659,3642)
(5422,1517)
(2930,6026)
(4487,4219)
(2534,4852)
(3372,6316)
(2862,5024)
(4689,2057)
(4735,4548)
(651,4509)
(6838,5329)
(6643,3121)
(5768,6954)
(4088,5380)
(5196,2058)
(3720,1643)
(5494,3807)
(6856,6679)
(1082,6095)
(3099,3809)
(1096,3915)
(904,607)
(2678,590)
(3832,467)
(3035,4447)
(106,3841)
(5884,1745)
(4205,7008)
(4396,2135)
(5345,2572)
(3622,4066)
(5714,5245)
(4944,2041)
(173,5)
(3014,6953)
(3049,101)
(6990,195)
(3420,2252)
(482,6621)
(4402,4910)
(5194,563)
(6768,4280)
(4286,1484)
(5881,4866)
(2375,2718)
(2155,3571)
(1553,5200)
(3214,2035)
(2390,39)
(5123,5258)
(6899,5260)
(3844,3584)
(354,3971)
(6725,6413)
(4000,6357)
(3614,1807)
(3327,6096)
(5346,566)
(1520,4489)
(3291,1696)
(6399,6203)
(922,6873)
(904,3521)
(95,6075)
(3632,5209)
(6606,579)
(1011,211)
(81,5795)
(1128,1227)
(3966,2471)
(3245,3182)
(2723,6213)
(715,1398)
(5295,1648)
(705,6449)
(2877,1020)
(6589,1699)
(5326,6169)
(6411,4264)
(6263,5817)
(6586,173)
(6583,4234)
(6641,457)
(3904,5187)
(943,1194)
(503,2910)
(888,6944)
(6611,3281)
(710,5532)
(298,323)
(4941,3431)
(6786,4851)
(1350,3847)
(6377,1228)
(2795,123)
(4997,1702)
(7053,5038)
(2543,6461)
(1347,6780)
(3879,25)
(790,5854)
(4342,6272)
(2473,4428)
(6464,3174)
(115,6059)
(1305,2372)
(6340,4915)
(6363,5767)
(1490,1633)
(6081,1516)
(5041,4044)
(956,983)
(6334,4507)
(101,7061)
(2448,6195)
(828,3175)
(2121,2307)
(6299,1059)
(2282,5002)
(6680,3568)
(4609,2566)
(4111,5346)
(2325,6161)
(3206,2499)
(2585,3195)
(2967,6730)
(6587,5884)
(3234,1537)
(2655,871)
(6309,6837)
(6539,3435)
(4483,7082)
(4299,5483)
(5293,2321)
(6292,4559)
(1052,3810)
(6110,3880)
(4049,1721)
(3587,3404)
(2927,3411)
(6186,4715)
(6673,3092)
(1469,3166)
(2912,3773)
(4077,5935)
(5726,524)
(3475,6851)
(1007,2939)
(4754,3939)
(6879,6729)
(4264,3864)
(2797,1922)
(3990,4600)
(5803,84)
(3318,6202)
(5615,4105)
(4076,3477)
(1439,3087)
(2927,6216)
(6912,3874)
(1903,113)
(6000,3345)
(5419,4961)
(1587,204)
(5012,4121)
(5450,2424)
(214,2687)
(4395,3826)
(4621,6617)
(5101,6108)
(5618,2424)
(6647,4487)
(3486,7031)
(3421,2019)
(128,907)
(4824,4047)
(5655,5328)
(4260,726)
(2483,3328)
(783,1874)
(3476,4196)
(3660,6440)
(5543,3154)
(1219,1054)
(6147,6008)
(2465,62)
(533,3122)
(6390,614)
(5502,2484)
(4521,5890)
(3257,3489)
(3991,989)
(1367,2861)
(6530,4939)
(2008,1123)
(6259,5298)
(3593,2705)
(4243,6831)
(3858,2700)
(1533,4951)
(6246,2033)
(6738,6087)
(2748,273)
(6046,3558)
(6614,761)
(4902,3359)
(229,4317)
(1078,170)
(6963,108)
(6735,2872)
(6957,4545)
(3741,5997)
(7005,6934)
(2364,251)
(3177,5506)
(2874,272)
(963,1063)
(294,4033)
(2042,3100)
(2021,2323)
(190,2091)
(3582,3852)
(5471,1370)
(924,1543)
(4712,4927)
(6618,4597)
(2018,1041)
(2487,2491)
(1502,5381)
(6528,1633)
(3757,5199)
(4750,326)
(2346,713)
(5537,2132)
(6821,6610)
(314,6937)
(7052,44)
(6719,3949)
(2093,3311)
(1911,413)
(5705,2170)
(668,5288)
(6139,4173)
(5461,422)
(4097,6901)
(3883,2234)
(6003,7032)
(435,1490)
(916,2345)
(3723,2948)
(2514,7045)
(1335,5192)
(3183,5556)
(4417,804)
(6317,1748)
(2938,4792)
(611,4730)
(3674,3812)
(1293,1898)
(623,1576)
(5316,5331)
(5912,6058)
(6798,2143)
(1516,6201)
(3355,4870)
(3452,2069)
(4570,4072)
(6925,2527)
(4347,1466)
(2406,2056)
(959,1973)
(4768,516)
(2552,6630)
(5786,4692)
(4836,2134)
(2672,2517)
(5467,2870)
(2111,6937)
(5716,1554)
(2560,3592)
(2454,6816)
(6200,3483)
(3687,2448)
(3622,797)
(4072,2289)
(584,3418)
(6931,6361)
(3398,5051)
(6583,2204)
(2185,4111)
(2914,6853)
(2158,1677)
(72,2092)
(4860,2571)
(3131,4543)
(7048,4592)
(1285,4591)
(1700,6094)
(1171,4231)
(1929,6797)
(4038,1066)
(2090,4023)
(5815,971)
(4501,1357)
(3840,3905)
(640,3105)
(62,4119)
(3280,7)
(4209,424)
(4444,1080)
(1585,4373)
(3583,5513)
(475,3984)
(3981,5459)
(5325,637)
(6495,3617)
(6016,612)
(1622,2764)
(1230,5037)
(1314,5871)
(202,2320)
(3101,5883)
(3646,2139)
(573,3761)
(4014,5481)
(789,5472)
(610,5682)
(1951,556)
(4151,634)
(5441,4376)
(2528,4895)
(675,1003)
(2379,6963)
(2708,3449)
(5491,313)
(2776,5801)
(484,2351)
(2881,6600)
(4087,1924)
(5938,3788)
(5842,6393)
(1876,4233)
(4155,4971)
(6812,3162)
(1412,6491)
(3824,2481)
(6716,220)
(1462,2663)
(4240,613)
(3349,3220)
(2669,5524)
(4534,4983)
(2563,6140)
(4724,1758)
(2851,3977)
(2223,4118)
(2199,3415)
(4488,6438)
(5970,1164)
(4413,5070)
(4634,6439)
(37,3656)
(5573,2974)
(513,3312)
(933,1349)
(2895,6870)
(3292,5230)
(3254,578)
(199,834)
(3597,2833)
(2335,4688)
(249,3244)
(5085,3522)
(3980,5839)
(4045,5425)
(6521,1876)
(1957,5112)
(6083,2097)
(3456,386)
(1181,1823)
(1170,3621)
(860,6270)
(3974,1033)
(5723,3832)
(5199,5138)
(6456,1031)
(4320,6004)
(6664,1773)
(4833,4160)
(1806,6459)
(6207,2851)
(6955,2166)
(4454,5077)
(4929,5078)
(2392,1144)
(1079,7025)
(6544,2338)
(1710,3577)
(5639,6790)
(5018,4457)
(3245,5086)
(5118,2226)
(5141,4846)
(3678,6025)
(2631,3231)
(2408,815)
(477,2636)
(3897,1087)
(2016,4459)
(791,3914)
(6849,6951)
(6755,5897)
(100,1414)
(5315,6229)
(772,423)
(4655,2833)
(6548,1103)
(3771,3255)
(3063,6490)
(6982,3427)
(1578,4359)
(1815,2089)
(5113,4452)
(2883,6915)
(6936,2137)
(2192,4864)
(3262,4645)
(6567,4219)
(4795,2123)
(3508,473)
(3722,1420)
(5125,3486)
(6784,2695)
(441,3212)
(2973,3146)
(4397,1091)
(1164,768)
(377,1984)
(6251,4589)
(6446,4777)
(5556,6663)
(6086,586)
(5410,1504)
(3329,6531)
(315,3790)
(5171,3138)
(5687,6392)
(5034,6763)
(3636,26)
(2584,6337)
(3701,265)
(726,2629)
(3381,5834)
(713,6062)
(2524,4671)
(5782,3046)
(6609,2451)
(5147,2031)
(3834,2685)
(1991,6285)
(5720,5630)
(3350,4752)
(910,3686)
(6171,1134)
(4927,2124)
(5649,6320)
(1614,47)
(4132,2168)
(4996,2386)
(2330,399)
(4046,271)
(701,830)
(2287,283)
(4269,6530)
(2047,6822)
(1233,4766)
(6193,1010)
(2080,5379)
(340,3697)
(2996,4125)
(1540,5271)
(3812,118)
(5410,3111)
(3561,2331)
(1125,908)
(148,7107)
(6481,3306)
(1734,4862)
(113,2149)
(460,4579)
(646,3912)
(3920,4879)
(1843,608)
(816,3757)
(5246,6589)
(5876,7083)
(6750,179)
(4201,4129)
(2292,5215)
(1434,3247)
(1974,1823)
(5493,7079)
(6739,1610)
(3200,1545)
(2595,3944)
(4948,531)
(5115,4057)
(4513,4501)
(1302,6102)
(5441,2024)
(3370,7070)
(1650,1626)
(448,4849)
(2870,5120)
(3067,1902)
(1707,280)
(5050,2278)
(3564,4663)
(5998,3756)
(6674,6163)
(6945,7054)
(1199,6537)
(6514,4462)
(566,3401)
(4603,2113)
(2068,4817)
(3698,4408)
(5265,4069)
(3375,1949)
(2271,6278)
(5774,5210)
(529,488)
(735,2755)
(5283,1744)
(6774,5912)
(5448,3272)
(2633,4668)
(3496,3671)
(2033,3173)
(86,1104)
(1296,6485)
(4767,6441)
(2762,2905)
(6997,3731)
(758,508)
(6964,657)
(4370,2666)
(6581,3799)
(6084,2471)
(3828,4000)
(2094,1856)
(3618,2843)
(2892,6348)
(2000,6184)
(2681,1076)
(1980,3769)
(4706,163)
(5709,454)
(2512,5422)
(4903,2780)
(5630,6048)
(4373,4909)
(5838,6570)
(1548,3940)
(479,3538)
(6093,938)
(6219,3464)
(6874,4377)
(3993,6692)
(4148,5555)
(5924,5780)
(1017,4059)
(4506,4755)
(225,3297)
(4730,3472)
(2961,3501)
(3794,2017)
(4207,1729)
(6577,3960)
(1801,766)
(2509,5108)
(6182,2710)
(5982,2646)
(2051,3933)
(5986,1277)
(2065,865)
(899,1062)
(6705,6457)
(5111,5602)
(2148,4294)
(3515,6451)
(438,6029)
(6255,913)
(5788,1265)
(3204,2787)
(5942,2396)
(6470,5207)
(5520,2454)
(1175,7041)
(3577,1185)
(918,2103)
(6008,5069)
(3430,3226)
(2203,6680)
(375,4997)
(6895,4632)
(2212,3108)
(5237,6299)
(1312,6358)
(359,6068)
(4528,2613)
(6873,4845)
(370,6619)
(5037,4285)
(3619,1606)
(444,6141)
(3606,2878)
(1238,6065)
(2278,5662)
(643,4769)
(2530,1959)
(1990,4456)
(1091,6458)
(3900,4653)
(6595,1000)
(1317,6900)
(1928,3106)
(408,2052)
(3629,706)
(5910,6277)
(2135,2334)
(2076,5883)
(1964,5307)
(4698,2080)
(1487,3722)
(3466,2523)
(821,7024)
(2142,1666)
(7080,691)
(6479,2231)
(6198,5538)
(1960,6166)
(139,4421)
(2190,3986)
(4153,3196)
(982,6015)
(688,4041)
(4907,2272)
(2138,6810)
(7039,1055)
(3682,1919)
(6850,475)
(7019,1394)
(4463,5866)
(3970,6480)
(2001,891)
(2396,5770)
(5867,4465)
(4688,4481)
(4729,7043)
(4205,1210)
(3409,2480)
(1631,6727)
(4932,5910)
(1714,1851)
(6274,1325)
(162,6119)
(541,6212)
(1492,2857)
(6316,3236)
(5595,2198)
(5292,1816)
(6878,4486)
(2321,6670)
(6214,4299)
(1705,4174)
(5820,5417)
(6773,2295)
(2235,3829)
(6487,2382)
(2343,1017)
(2010,3541)
(2559,5501)
(5376,5681)
(6207,2452)
(5314,2684)
(2258,3429)
(4782,5830)
(3795,3263)
(5308,371)
(556,3813)
(3187,1290)
(2525,3918)
(1188,802)
(3410,3678)
(2453,5294)
(5969,3904)
(1352,1276)
(6266,3942)
(4944,4563)
(5151,3877)
(4758,5179)
(178,4873)
(962,78)
(6733,4639)
(773,4815)
(6038,6557)
(2907,1389)
(5451,2651)
(6681,5263)
(6811,6944)
(4899,3874)
(3880,3819)
(5469,4361)
(6403,5714)
(1908,2352)
(3384,224)
(4596,812)
(6291,4892)
(5978,4533)
(664,6568)
(6142,360)
(2968,5541)
(2218,6477)
(4443,308)
(6249,704)
(6989,6467)
(449,1526)
(2310,5861)
(255,4168)
(1217,1900)
(2704,1102)
(6253,1623)
(2671,6574)
(4126,5918)
(3202,3212)
(4322,3520)
(5655,2133)
(5371,4251)
(3916,3485)
(202,6479)
(2455,3495)
(6691,6356)
(4840,7084)
(5526,161)
(328,71)
(6420,3041)
(2394,1833)
(1363,629)
(1349,7053)
(2227,3867)
(1323,1114)
(5439,5633)
(1673,236)
(5120,4290)
(1056,5666)
(1024,4116)
(6652,1012)
(6876,91)
(6442,1205)
(2286,6689)
(6272,6413)
(4889,1138)
(2245,1836)
(2021,4463)
(5800,5498)
(4023,2490)
(5747,2864)
(1863,312)
(1691,2534)
(1959,3503)
(1468,2993)
(3038,760)
(5823,3857)
(4599,506)
(7044,3875)
(4629,4684)
(4668,4404)
(946,2520)
(3847,5842)
(246,6470)
(5254,3912)
(3147,268)
(923,2009)
(6543,4152)
(680,4539)
(4877,4416)
(1584,6355)
(4304,4959)
(987,6624)
(367,4339)
(3352,5445)
(3082,5286)
(134,6448)
(5038,2891)
(1610,6354)
(1036,4250)
(324,4365)
(2706,3461)
(3562,1978)
(252,3973)
(6198,1547)
(42,259)
(2272,1682)
(1,2227)
(3615,3607)
(60,1631)
(468,314)
(278,2500)
(6513,4093)
(6484,6740)
(3402,5119)
(6670,38)
(1916,5985)
(3923,2369)
(986,4001)
(4328,1521)
(6421,3862)
(5478,1251)
(5863,3285)
(2428,6469)
(4543,1999)
(7072,5676)
(2740,3504)
(6411,1249)
(297,2060)
(634,4511)
(6938,6484)
(3522,2300)
(4962,6234)
(5524,3752)
(1173,3751)
(2502,3407)
(80,2429)
(1372,3608)
(3359,4083)
(5442,4620)
(1263,4647)
(184,2340)
(1100,6869)
(5835,1431)
(3221,3129)
(948,4324)
(2803,2310)
(5589,515)
(4988,6572)
(3290,4531)
(1828,5658)
(465,4672)
(858,5696)
(4047,6955)
(991,733)
(2300,3139)
(3976,6811)
(3138,5113)
(5659,4255)
(391,1318)
(4498,3188)
(2674,526)
(3472,3497)
(5917,1759)
(1930,1893)
(1497,6333)
(409,3887)
(3877,1244)
(2410,1806)
(2401,692)
(2433,1306)
(6188,2447)
(774,3081)
(3961,89)
(953,530)
(2220,829)
(6191,4109)
(3948,2606)
(3740,5081)
(6322,2358)
(3488,4749)
(4632,5186)
(2939,46)
(5074,1200)
(2372,705)
(4503,5934)
(4563,3165)
(5475,4830)
(464,4695)
(6781,6524)
(6921,6414)
(2389,5404)
(1330,2823)
(1043,6865)
(6389,3151)
(6896,1112)
(5995,6674)
(3960,2151)
(2388,1004)
(990,4037)
(3094,6749)
(4275,171)
(5502,2739)
(5576,7068)
(1179,4048)
(254,5629)
(4943,20)
(487,1976)
(1364,783)
(2354,912)
(5619,1146)
(2126,93)
(3714,4542)
(3367,183)
(3335,2617)
(215,884)
(6445,292)
(778,2342)
(1284,5729)
(3930,1307)
(1476,4628)
(2380,3099)
(11,345)
(1386,342)
(7108,5227)
(5834,1517)
(3934,3069)
(1599,3661)
(1495,5640)
(2819,3384)
(1966,5690)
(2503,3851)
(4845,3688)
(3585,405)
(1043,6668)
(6697,4477)
(1573,2933)
(5523,5702)
(3275,6742)
(3405,261)
(5856,6419)
(3462,3725)
(2511,2291)
(1136,6768)
(6124,3906)
(5351,4183)
(694,5495)
(5518,3778)
(5062,780)
(5677,6146)
(5935,7096)
(5027,753)
(6785,1192)
(4792,2513)
(2555,6869)
(7042,3426)
(2445,759)
(4474,1159)
(2948,3037)
(5056,4356)
(742,6904)
(318,2551)
(1075,3254)
(6866,4803)
(3951,2034)
(6012,6752)
(2023,596)
(5044,5586)
(2937,5619)
(2414,4969)
(6500,866)
(1151,525)
(3514,2730)
(4040,2621)
(2819,4649)
(3873,2114)
(3655,2961)
(2415,2994)
(5148,6996)
(817,6651)
(1606,3095)
(2904,5087)
(1392,6555)
(5776,2339)
(5324,1083)
(6227,5151)
(3301,3197)
(1967,4286)
(1456,6862)
(2226,6747)
(1900,63)
(4554,5468)
(3242,2828)
(5813,5174)
(164,3747)
(3513,6275)
(2809,395)
(4530,4389)
(605,2432)
(6805,6416)
(6361,1354)
(1632,889)
(2207,4866)
(6780,963)
(1591,741)
(3516,3677)
(2767,6787)
(3888,4837)
(4693,4262)
(431,4608)
(4995,3818)
(6280,6805)
(798,4053)
(2531,1250)
(2257,1473)
(6696,4973)
(4489,2250)
(5166,4906)
(1174,2463)
(424,4026)
(4803,2628)
(2668,1681)
(6972,258)
(4524,1656)
(225,5043)
(2893,2783)
(4550,1127)
(23,2675)
(6088,4714)
(1981,574)
(3428,2897)
(1275,6429)
(5710,2891)
(1455,4980)
(126,769)
(4258,6237)
(306,6948)
(1249,6000)
(4582,633)
(3482,4055)
(3595,6938)
(33,2106)
(3922,1198)
(2742,1608)
(5767,5789)
(488,5713)
(5928,6081)
(3746,6331)
(104,2670)
(5936,3620)
(5508,4064)
(1735,2516)
(6474,3011)
(105,4865)
(2661,3417)
(5438,3822)
(6160,6973)
(5020,6595)
(2848,3532)
(1271,5599)
(423,7013)
(1688,1969)
(2480,3475)
(3042,3555)
(1915,4402)
(3124,6867)
(6330,5593)
(5548,5058)
(2006,4739)
(3425,2972)
(244,1808)
(2621,7086)
(2894,4474)
(479,5945)
(5053,964)
(6174,4468)
(2787,543)
(5538,5173)
(2099,1336)
(595,4989)
(4403,946)
(4500,6577)
(5434,937)
(111,6733)
(1783,1474)
(6215,2772)
(276,1847)
(440,5390)
(4993,4768)
(3970,6655)
(6354,792)
(6813,6663)
(1067,7098)
(1225,6188)
(1472,4348)
(7030,4844)
(4888,3127)
(4879,918)
(6238,3119)
(1816,2560)
(4783,3319)
(4423,1764)
(1170,1454)
(7090,6789)
(6835,5340)
(6033,4329)
(5436,2444)
(1861,1329)
(1414,1814)
(5405,2879)
(3988,1086)
(1832,5257)
(4292,3186)
(481,5308)
(1461,1742)
(3683,2357)
(2780,3161)
(1448,6895)
(3519,5771)
(1377,2203)
(1719,5235)
(3767,6410)
(1014,5647)
(4976,2903)
(2048,4292)
(491,3346)
(5307,2859)
(6378,1342)
(1745,5723)
(3650,5502)
(3717,4151)
(4300,3504)
(7088,119)
(5486,623)
(1253,597)
(3140,341)
(2336,611)
(676,950)
(4922,1892)
(5704,2006)
(4785,4807)
(999,2926)
(4028,1220)
(4382,5519)
(2448,841)
(6535,5949)
(3602,6196)
(2369,6028)
(972,1899)
(2708,4745)
(4104,2541)
(6170,1845)
(1106,4778)
(3853,6048)
(6307,965)
(3847,1126)
(2860,6601)
(6162,1352)
(351,4638)
(4489,6582)
(75,4052)
(1698,760)
(410,42)
(6760,1991)
(612,2425)
(4737,3594)
(4130,2507)
(3167,1166)
(2194,1776)
(5742,6960)
(6654,5809)
(3697,5508)
(900,4661)
(1453,3682)
(5312,669)
(2695,5190)
(2475,4316)
(4642,4222)
(527,4)
(4356,3554)
(3844,3987)
(5226,6551)
(6076,1944)
(1012,1481)
(483,3873)
(4832,4400)
(968,4491)
(6630,1691)
(4769,3284)
(2586,6735)
(5816,3781)
(5522,5248)
(603,1096)
(489,3363)
(5886,2293)
(6588,5653)
(1023,2217)
(1428,4503)
(4961,684)
(4633,2915)
(6136,3386)
(5264,2331)
(3432,4392)
(3665,2409)
(1862,6013)
(2437,3491)
(3457,4206)
(4077,4602)
(1902,1469)
(4545,327)
(5173,3109)
(4299,6411)
(6261,2366)
(1197,4502)
(5446,748)
(4364,1099)
(5300,2280)
(3088,6507)
(6992,1883)
(3997,705)
(5386,757)
(2569,2988)
(4415,3609)
(4246,6990)
(1195,5986)
(3726,5578)
(6265,4063)
(7000,5419)
(3891,4225)
(3648,609)
(1618,333)
(6040,2086)
(6519,5906)
(7089,1932)
(3683,6923)
(6437,1455)
(4878,4068)
(1535,4827)
(4059,749)
(1220,5269)
(1667,674)
(2197,4045)
(4900,5060)
(2812,2106)
(6084,6534)
(6882,573)
(4184,1167)
(5395,4578)
(3609,2157)
(6575,1072)
(5906,5528)
(1812,5476)
(1088,6110)
(5109,5904)
(4122,607)
(1441,2015)
(3775,933)
(5404,6817)
(1442,98)
(1061,945)
(1995,3067)
(1506,1550)
(2835,1713)
(6355,3913)
(5459,3303)
(5925,3508)
(518,6083)
(4002,5598)
(6374,5810)
(2153,5158)
(4574,4063)
(1696,4957)
(5852,5007)
(2829,2712)
(4285,6499)
(4959,443)
(186,411)
(6179,2607)
(6730,3610)
(2886,5970)
(2303,4642)
(6151,4135)
(1742,1476)
(4529,4928)
(1731,1154)
(19,5944)
(3805,2722)
(4490,131)
(1269,813)
(4696,3411)
(3079,4650)
(3387,1079)
(5429,1145)
(4981,5648)
(4339,6005)
(2432,901)
(4843,2853)
(4065,3460)
(2865,3082)
(3327,3479)
(6063,6373)
(6953,643)
(2660,397)
(6364,172)
(3815,1348)
(6815,6856)
(4122,3521)
(2065,2247)
(3637,3163)
(3087,1493)
(2845,3837)
(2833,5246)
(2729,817)
(5281,2593)
(4470,4307)
(5805,6519)
(2462,3155)
(2645,1421)
(6557,3116)
(4569,5583)
(10,385)
(1790,6021)
(6273,2111)
(1314,1756)
(1004,4938)
(6463,6631)
(6542,2012)
(3779,6879)
(5802,6435)
(1006,7057)
(5390,3387)
(2485,4043)
(5748,1362)
(4472,3240)
(3732,2504)
(6099,4483)
(6406,5320)
(1629,899)
(3419,2205)
(3042,2555)
(2740,4549)
(2547,2637)
(7103,5228)
(3424,1795)
(2805,2549)
(4953,1736)
(5913,1340)
(698,5103)
(4983,6310)
(6011,3907)
(5350,2559)
(4195,6283)
(730,846)
(3389,1402)
(4115,426)
(4736,5464)
(4955,1746)
(379,2590)
(6693,5525)
(268,6876)
(2898,2930)
(2773,7091)
(2104,5089)
(3933,2867)
(2627,6564)
(5423,225)
(2611,4366)
(958,1158)
(1091,1804)
(4366,5533)
(5592,6455)
(4113,4945)
(6986,1503)
(2362,4811)
(644,4175)
(4449,4952)
(5132,801)
(512,1156)
(3868,3355)
(4283,1406)
(5888,4099)
(6499,5123)
(4273,4288)
(1868,5579)
(5597,654)
(5087,5039)
(2204,4905)
(6627,1392)
(1838,628)
(5588,2598)
(2564,4960)
(6449,6471)
(3574,6813)
(5902,647)
(459,5474)
(4644,4614)
(3386,536)
(6271,2528)
(2638,1826)
(6770,4267)
(2775,2680)
(2697,6427)
(7070,332)
(453,5416)
(4727,3860)
(5551,4888)
(2307,1498)
(5012,2704)
(1048,250)
(5710,4292)
(2082,3446)
(6412,3252)
(1842,5621)
(5957,5849)
(2583,3690)
(462,4480)
(3338,1223)
(6835,3627)
(3470,6133)
(553,2509)
(3715,2761)
(4150,6606)
(5230,50)
(2255,6346)
(2050,5913)
(1013,3078)
(5745,6857)
(6671,864)
(388,75)
(3119,105)
(5594,4853)
(1757,6957)
(4894,5687)
(5028,5160)
(4433,4289)
(1250,1036)
(5989,6431)
(4226,5848)
(3471,581)
(1541,6597)
(5729,5403)
(2866,1187)
(4446,651)
(3406,5104)
(4118,4278)
(4281,618)
(1849,3952)
(3106,2242)
(3286,2431)
(1260,2122)
(535,6074)
(2550,5049)
(3011,6502)
(5866,4291)
(1521,2458)
(3061,5746)
(5117,2546)
(5392,4581)
(4914,5076)
(3060,4195)
(3706,4075)
(6668,5623)
(1098,262)
(897,4479)
(3114,5554)
(5158,879)
(1408,3374)
(2714,4704)
(3201,3177)
(6478,5321)
(4855,3274)
(2948,4355)
(3182,1371)
(3340,1735)
(6651,1764)
(5613,169)
(2119,4889)
(3429,480)
(3750,2937)
(3320,3424)
(5077,6151)
(3120,6349)
(473,5749)
(6404,1001)
(4124,2400)
(2108,60)
(4837,270)
(5372,4833)
(3801,4791)
(6488,6540)
(290,5880)
(6211,5389)
(4505,3898)
(2958,6243)
(2482,3975)
(6728,4527)
(5395,6567)
(4091,4665)
(6380,5557)
(4562,6164)
(935,1817)
(295,1826)
(6920,2609)
(4809,6368)
(4175,1065)
(2115,3855)
(4647,1053)
(6143,6107)
(5877,321)
(5381,4878)
(1216,409)
(6885,143)
(659,1709)
(4931,938)
(4015,205)
(5482,5969)
(3222,615)
(5445,1532)
(765,3611)
(4216,4272)
(5945,3926)
(46,3815)
(4756,6064)
(6488,2193)
(6942,2439)
(1436,6766)
(6510,6306)
(5164,2655)
(5030,2008)
(3272,3669)
(5197,6615)
(3838,2401)
(3111,2362)
(1328,1381)
(2029,8)
(2431,3785)
(3608,4806)
(3542,1781)
(242,6463)
(6239,677)
(1791,2169)
(833,6708)
(5320,6257)
(5029,6999)
(1176,1811)
(793,1295)
(6761,4862)
(2628,4738)
(3552,717)
(2836,4898)
(7083,5406)
(1465,6252)
(550,5971)
(6195,3916)
(1609,5510)
(371,1939)
(1016,226)
(3700,4088)
(5648,2371)
(3136,5224)
(4321,1212)
(3863,1983)
(6553,5730)
(2236,5885)
(363,5908)
(1693,2782)
(3302,233)
(1145,2379)
(5809,927)
(6064,476)
(6260,6185)
(2732,2821)
(3116,1989)
(6971,5509)
(6341,4954)
(21,1683)
(1430,1150)
(6049,487)
(3852,4451)
(3753,1812)
(2355,5026)
(3252,3017)
(1178,2608)
(6391,1941)
(1857,3586)
(445,1603)
(6465,3727)
(6454,2814)
(6113,6683)
(2936,7007)
(3309,2585)
(4471,5493)
(5452,871)
(4865,4722)
(5290,4797)
(6092,1174)
(1544,4332)
(239,3005)
(2083,814)
(6862,4022)
(852,4808)
(2541,1278)
(3027,541)
(447,5575)
(3903,1864)
(5387,6556)
(3643,3546)
(3460,4662)
(1927,7062)
(1938,3892)
(4884,854)
(3157,1873)
(3635,2631)
(832,693)
(3914,1323)
(6631,6888)
(3279,1042)
(6424,5109)
(6897,6609)
(6788,2156)
(2516,193)
(6436,3475)
(871,4224)
(4897,6647)
(1105,6192)
(4680,3391)
(3304,2044)
(3507,6711)
(4248,4866)
(6163,368)
(2341,627)
(2143,4100)
(4398,5045)
(2231,1108)
(2164,7100)
(4138,4588)
(6904,5295)
(5671,4282)
(2722,977)
(5657,2434)
(6556,1163)
(5036,3755)
(3761,3908)
(1440,2531)
(5996,4799)
(1756,2826)
(4293,1905)
(1084,622)
(3118,1395)
(3165,1292)
(1747,3783)
(4747,5522)
(2016,2620)
(6683,4713)
(4140,499)
(3931,6473)
(5937,4868)
(4152,2077)
(5915,4550)
(2217,3745)
(5418,4054)
(30,3106)
(1327,2955)
(5336,2526)
(2763,3323)
(3481,5454)
(192,318)
(4268,5030)
(4559,4965)
(5178,6839)
(4061,1557)
(450,3994)
(125,3262)
(5825,3278)
(6901,2119)
(356,2030)
(5591,3353)
(6158,2540)
(1019,3681)
(4519,4801)
(792,325)
(4898,3846)
(2651,1527)
(4773,2514)
(3376,6774)
(7007,1752)
(2043,2099)
(5095,4065)
(6168,5756)
(3052,1128)
(4875,6919)
(2786,1430)
(1470,1058)
(5044,5675)
(6527,432)
(5903,3494)
(3478,2808)
(7062,5791)
(262,5568)
(3640,1901)
(6675,1667)
(1963,1502)
(4643,5930)
(138,6362)
(2423,839)
(2899,381)
(5185,5709)
(2601,5313)
(6319,894)
(2022,3171)
(1545,5205)
(6528,2221)
(4156,1019)
(2167,4900)
(3763,6886)
(381,6341)
(3364,437)
(2469,3556)
(6747,5449)
(6667,3270)
(3663,1089)
(1224,4919)
(1570,178)
(3532,4924)
(2222,5951)
(3912,1844)
(4033,5823)
(1203,957)
(5076,1449)
(4241,2216)
(2858,4024)
(6379,3700)
(1821,6143)
(287,5194)
(6637,2087)
(1399,3598)
(2769,2898)
(5177,4228)
(5889,4137)
(2276,6279)
(2352,1511)
(4296,1843)
(2964,3187)
(1401,2801)
(5276,3531)
(2027,1840)
(313,5727)
(6277,180)
(6367,6187)
(957,5106)
(6767,5977)
(1626,157)
(609,1296)
(3895,1034)
(1961,6474)
(5219,3153)
(3160,3266)
(3936,2994)
(2647,6488)
(6462,3761)
(3357,666)
(2086,6287)
(4289,6743)
(6608,4554)
(2407,4010)
(1761,5165)
(235,331)
(3937,6395)
(2727,1124)
(2261,1366)
(1638,6985)
(1241,5264)
(3786,4500)
(5837,1313)
(5610,2563)
(1523,1727)
(3752,2402)
(4094,2368)
(289,2271)
(4820,6611)
(4063,243)
(3899,616)
(2109,6018)
(272,5265)
(5629,4427)
(5149,2351)
(2161,3318)
(6245,5981)
(2095,7099)
(1356,5734)
(4050,599)
(5880,3201)
(54,2143)
(3459,6771)
(6097,2335)
(1435,5467)
(5122,1739)
(4261,6998)
(4640,746)
(4548,6139)
(1303,5824)
(7041,1337)
(3091,4277)
(4286,3833)
(4711,5048)
(1666,1229)
(6715,4520)
(2675,2147)
(6766,5651)
(40,4164)
(5193,2155)
(2070,972)
(3062,4883)
(1689,6061)
(2395,4016)
(517,4490)
(5652,1789)
(1512,68)
(97,3280)
(3454,3444)
(5653,4341)
(4318,2851)
(2019,3385)
(6451,3711)
(1772,2197)
(2299,2633)
(2538,2264)
(1556,3943)
(2732,423)
(160,1509)
(704,370)
(369,1368)
(1823,5814)
(4276,2920)
(3842,48)
(2689,3638)
(5359,3608)
(653,5491)
(5454,4371)
(2466,1133)
(5967,3902)
(3437,4762)
(1016,299)
(2486,1475)
(3492,1068)
(1970,4698)
(5676,6186)
(1398,2420)
(4750,3970)
(4924,348)
(6712,4604)
(3085,4432)
(4306,5284)
(606,5092)
(6532,6247)
(1507,3872)
(3225,4993)
(890,5078)
(1240,391)
(768,6453)
(877,5423)
(3675,4237)
(3713,357)
(1247,4449)
(3273,4537)
(3089,3327)
(428,4259)
(6732,5363)
(4354,4143)
(7064,4586)
(6155,4485)
(3861,7033)
(4290,3337)
(6163,5018)
(3572,5978)
(700,2548)
(7056,2503)
(1690,2161)
(2745,2381)
(3017,2485)
(4408,6683)
(6196,4940)
(1686,769)
(966,2599)
(857,3804)
(6032,2992)
(2540,4177)
(4781,6167)
(6890,3006)
(3469,6563)
(5070,6602)
(1703,2515)
(6843,1385)
(6941,1328)
(5853,3992)
(6315,2947)
(1699,2960)
(1457,6548)
(5922,4793)
(2753,230)
(1840,2198)
(1032,3518)
(1695,1947)
(2755,6559)
(3659,5453)
(493,1870)
(4171,4561)
(1064,1543)
(6928,1646)
(5489,6136)
(5688,2830)
(5914,6832)
(6508,3674)
(6301,2329)
(4699,1491)
(872,4311)
(6512,1176)
(2244,3048)
(6689,3469)
(7075,340)
(3707,2391)
(5771,1264)
(4975,5632)
(3994,4780)
(5355,1018)
(2313,6819)
(4116,5170)
(977,5378)
(3107,4205)
(6614,5214)
(5789,1485)
(205,5813)
(3919,5003)
(4659,3356)
(6453,5956)
(5008,522)
(2517,699)
(1663,3320)
(3996,5939)
(1216,1569)
(4127,6969)
(1425,1614)
(7027,2983)
(2472,1549)
(4982,4029)
(4439,6286)
(484,6312)
(2166,5572)
(827,4414)
(2625,3089)
(804,5439)
(2667,6510)
(407,6511)
(5746,6344)
(4802,2692)
(5047,5774)
(3503,3741)
(4198,5020)
(3765,4686)
(161,2049)
(7036,6719)
(2726,711)
(4377,1408)
(1639,2207)
(4034,5950)
(6791,5072)
(4908,5490)
(6526,4293)
(4600,3666)
(824,3648)
(6987,6100)
(264,1453)
(4938,3547)
(221,517)
(893,4644)
(5323,6006)
(811,1750)
(1133,2750)
(4039,4082)
(230,310)
(2716,4656)
(6055,3868)
(7077,53)
(6485,2816)
(2523,460)
(6528,6930)
(2163,87)
(1325,625)
(206,6777)
(6918,1381)
(3317,1107)
(3128,782)
(1763,6284)
(5108,906)
(1236,5870)
(3045,6222)
(4383,548)
(1590,5914)
(6270,3702)
(733,5314)
(3218,4630)
(4896,82)
(3780,3058)
(4267,4025)
(3886,1800)
(4331,1196)
(5094,164)
(6888,6993)
(5412,146)
(3173,4709)
(3134,3844)
(3521,5542)
(3036,2778)
(1083,4115)
(1874,3936)
(6209,301)
(798,5614)
(4450,4244)
(3727,6408)
(843,2699)
(5775,7015)
(1246,5657)
(2464,2673)
(3704,3972)
(1576,18)
(6868,2493)
(3799,3582)
(4713,2536)
(2731,2101)
(4617,4877)
(4676,152)
(2792,4321)
(5458,4254)
(3164,2241)
(1102,6263)
(5047,2290)
(5373,2035)
(6801,3890)
(5839,6806)
(1873,1218)
(2605,4760)
(5022,5966)
(4244,6561)
(3792,4136)
(1679,5055)
(332,4145)
(2807,7103)
(123,4782)
(3293,4034)
(3028,4455)
(4770,1028)
(834,3390)
(2684,116)
(3506,4488)
(2377,6525)
(56,5069)
(2997,246)
(6872,1648)
(2994,6673)
(909,3637)
(1924,7066)
(1885,2449)
(4359,1173)
(3871,2192)
(5150,591)
(1020,3766)
(5757,5297)
(2357,6389)
(978,2703)
(2342,1214)
(2885,3910)
(3001,338)
(6234,2917)
(947,1632)
(4127,1445)
(3695,1935)
(6037,4393)
(803,4956)
(2828,1257)
(2268,4458)
(1011,6011)
(1204,2263)
(5774,2001)
(6568,4209)
(3032,6983)
(1483,546)
(6902,811)
(2480,4750)
(5357,2848)
(6619,2530)
(6269,855)
(2210,1211)
(5959,843)
(6467,632)
(166,6128)
(398,6690)
(6915,5016)
(6197,6678)
(1985,1235)
(3803,2677)
(4019,4492)
(1271,5259)
(3395,5697)
(2446,4565)
(2752,6795)
(2791,6052)
(2189,6197)
(4329,4049)
(2646,3072)
(3178,3412)
(4188,6821)
(3250,6964)
(1077,3639)
(5603,2550)
(2007,1765)
(3730,194)
(3266,3342)
(5106,6437)
(2457,3152)
(3409,3672)
(2470,2248)
(4576,756)
(1341,1866)
(5581,5549)
(5672,1671)
(5500,1855)
(4467,2966)
(5134,5575)
(5946,4890)
(2116,2438)
(3690,4190)
(6303,837)
(1869,495)
(1617,1871)
(6502,6939)
(2451,1512)
(7086,4038)
(2322,6345)
(536,4425)
(4037,2698)
(5069,375)
(1504,1384)
(2062,2404)
(6652,4061)
(4234,5576)
(4362,1056)
(1546,5151)
(4258,287)
(6877,5486)
(7055,5337)
(2327,6778)
(6448,652)
(594,3843)
(5398,1304)
(2413,2716)
(696,2740)
(4827,4716)
(6087,5954)
(4486,4147)
(2450,550)
(1708,1443)
(6089,7089)
(5536,485)
(4858,1505)
(4044,5875)
(5140,1996)
(3149,5731)
(5388,969)
(5845,2647)
(6694,6223)
(2666,6538)
(7035,5289)
(1480,5903)
(3190,5699)
(1524,1938)
(6425,2269)
(2643,1465)
(3220,5667)
(3989,5180)
(3911,5755)
(3759,3744)
(4719,448)
(5242,498)
(4406,1032)
(4399,1731)
(2499,1262)
(3724,1415)
(6233,5458)
(2866,3628)
(1500,2232)
(4311,4708)
(366,4737)
(3471,1661)
(2283,1639)
(335,1972)
(5778,6988)
(5234,3881)
(502,2630)
(3707,2753)
(5359,764)
(3667,2720)
(3083,379)
(6650,4496)
(866,4616)
(2,6748)
(3439,4695)
(4838,5695)
(6344,7048)
(2205,2592)
(4476,1647)
(6350,1416)
(232,4901)
(2730,2441)
(6208,5394)
(6629,5359)
(7097,2715)
(2554,6754)
(2824,1254)
(5506,3131)
(5457,788)
(3975,1779)
(1402,1819)
(4613,5374)
(5718,5090)
(6255,3232)
(670,1602)
(3243,1136)
(6040,6324)
(5767,1891)
(3370,3432)
(4361,2375)
(467,3170)
(1831,5505)
(342,4275)
(5269,4600)
(1119,6508)
(2124,2070)
(1169,6432)
(6152,5392)
(316,4473)
(4952,853)
(2789,1929)
(4010,34)
(5505,6332)
(4618,1573)
(5975,2885)
(4769,1081)
(4119,5867)
(6422,2518)
(4555,5764)
(1381,5155)
(4627,7021)
(217,4071)
(2756,5064)
(4199,2333)
(6281,2004)
(660,5098)
(2174,4871)
(6703,6936)
(4099,4929)
(1625,4826)
(5084,5537)
(7082,1258)
(1138,1186)
(5879,4923)
(2575,6569)
(417,11)
(4114,1)
(4701,1743)
(5145,1405)
(4786,1761)
(4778,2195)
(4181,2688)
(3694,1259)
(4021,1172)
(4514,6892)
(5336,5693)
(1854,5851)
(1150,4522)
(7031,4875)
(6417,4786)
(7025,2521)
(243,1487)
(6609,6739)
(5691,2492)
(1824,2890)
(6059,4368)
(305,5768)
(1676,3701)
(3384,237)
(4125,5429)
(1420,187)
(1746,5559)
(7008,2732)
(2334,821)
(5939,3315)
(6749,513)
(1243,3132)
(4894,4074)
(3516,4494)
(2374,1593)
(628,1148)
(5333,732)
(3797,5917)
(3946,6705)
(2603,4765)
(6550,6374)
(4039,6794)
(419,2428)
(3114,3000)
(5010,4774)
(4986,3126)
(4682,2562)
(2980,1878)
(4109,6220)
(5298,2927)
(794,2932)
(4850,5367)
(265,4401)
(7066,1023)
(3949,4764)
(6962,6123)
(5470,3805)
(224,2201)
(6006,4273)
(1366,3668)
(3362,6017)
(4436,261)
(2575,4657)
(2843,1587)
(2623,2126)
(3031,6253)
(4302,1376)
(6871,3065)
(6789,987)
(6960,1212)
(5729,4725)
(5832,308)
(2368,5332)
(4888,570)
(3804,1464)
(2867,6650)
(4394,3102)
(3687,481)
(3544,5207)
(6081,4079)
(1780,4405)
(6415,4178)
(2964,5171)
(1354,6994)
(1741,2602)
(4847,3509)
(2366,2210)
(2346,6889)
(3733,4340)
(4042,6505)
(469,4095)
(3939,5645)
(5321,6657)
(831,1456)
(1227,6535)
(2063,4676)
(4348,494)
(6258,1684)
(1210,6933)
(1934,5011)
(5196,5118)
(2195,3676)
(3444,547)
(3810,5529)
(6584,3523)
(4641,552)
(4777,2212)
(1633,6132)
(5694,1908)
(3553,6060)
(260,4913)
(4039,55)
(6443,5762)
(2558,264)
(1229,5734)
(3565,2570)
(4167,2977)
(6506,6669)
(6335,4980)
(5278,175)
(421,4643)
(4430,3210)
(3672,459)
(7010,125)
(6082,4435)
(2265,4568)
(5966,2026)
(4256,5543)
(3110,2494)
(2312,288)
(1653,2978)
(5266,4601)
(2169,1592)
(5361,6126)
(3539,2723)
(734,6517)
(6096,2656)
(3523,3702)
(5488,5471)
(238,6411)
(1410,4133)
(1651,1598)
(4143,6702)
(3696,1680)
(5130,6732)
(4121,1552)
(6261,127)
(4392,1056)
(5364,6769)
(2522,1355)
(243,6738)
(6254,1725)
(5043,970)
(6221,1241)
(839,3740)
(930,5144)
(6909,6012)
(4644,4512)
(2608,645)
(6235,6877)
(3778,7038)
(752,1661)
(4056,4110)
(2071,240)
(6555,7092)
(3137,7012)
(5668,1386)
(2237,6687)
(1281,4984)
(6977,78)
(6524,1289)
(5137,3653)
(1298,3061)
(5851,5792)
(3156,3219)
(1103,4696)
(1154,5410)
(564,6949)
(5993,3273)
(5585,3111)
(5829,23)
(5956,3883)
(1301,3326)
(136,2043)
(1027,4358)
(4200,4658)
(1782,4516)
(53,2807)
(3023,659)
(1675,3575)
(3506,4948)
(1122,6745)
(443,2129)
(815,6264)
(5850,6547)
(1866,3241)
(1485,2954)
(3718,5751)
(3239,3204)
(7009,5044)
(6285,5364)
(4277,5826)
(2037,19)
(5190,6019)
(5402,2543)
(1748,34)
(6911,1644)
(2609,2548)
(2242,702)
(1419,2013)
(3047,5421)
(374,4831)
(6653,388)
(6418,3929)
(4422,5122)
(6106,4153)
(2546,3378)
(6231,6661)
(6352,6057)
(5739,6077)
(2160,1016)
(1884,4920)
(2604,1035)
(6946,5665)
(6010,6315)
(5431,307)
(2116,1674)
(6288,2581)
(252,5436)
(2418,2676)
(3818,5590)
(2452,4130)
(291,1555)
(5231,496)
(1153,6145)
(1351,3570)
(6028,2337)
(3514,407)
(2417,7006)
(5243,2238)
(3639,6482)
(35,3920)
(3388,6830)
(2602,1295)
(3426,6465)
(5075,1006)
(1823,1178)
(3316,6057)
(1867,6103)
(2143,5655)
(4245,2282)
(2125,1898)
(2510,68)
(4766,3625)
(699,2076)
(1855,5803)
(6039,3223)
(4661,5379)
(455,3502)
(3581,6770)
(4566,4097)
(5366,6115)
(6853,2051)
(6848,4188)
(2251,598)
(1671,3687)
(3610,6352)
(1278,5095)
(1361,5747)
(2211,4027)
(7063,28)
(2781,2818)
(2459,1848)
(6133,4318)
(2587,4635)
(2981,3422)
(3207,350)
(4066,3183)
(3571,3993)
(1510,3228)
(3633,1428)
(5260,412)
(1774,5000)
(2252,5457)
(3198,6759)
(5091,3245)
(6103,1760)
(1682,5924)
(622,5206)
(2960,196)
(6999,5218)
(5392,1379)
(5071,6627)
(2345,4887)
(1038,6801)
(2928,3698)
(2088,4804)
(5638,3150)
(6226,5347)
(4482,4937)
(4405,354)
(5540,5994)
(5833,6399)
(926,2383)
(4334,3748)
(430,4655)
(6708,3527)
(5932,4723)
(3598,2868)
(844,528)
(868,461)
(2430,201)
(4134,1529)
(576,7074)
(6447,5527)
(1958,2829)
(4586,2768)
(5341,6016)
(5339,470)
(737,5279)
(4267,2328)
(1481,4521)
(172,6765)
(5606,1468)
(2900,6636)
(2328,3225)
(2422,4609)
(2315,1695)
(3259,836)
(745,5249)
(3512,6866)
(554,4235)
(3077,2644)
(7082,5752)
(6477,304)
(563,962)
(2772,1852)
(3356,3545)
(399,5754)
(6436,4750)
(5858,6121)
(5878,759)
(3862,6242)
(2755,6598)
(500,5988)
(4925,2330)
(3820,6027)
(2075,3690)
(6127,3560)
(5204,5735)
(2106,5877)
(454,1164)
(2172,4856)
(6428,6686)
(344,1283)
(1988,6248)
(3933,2511)
(6798,4855)
(1993,364)
(4947,2847)
(5571,624)
(384,3629)
(5929,4353)
(511,347)
(6380,2849)
(358,1437)
(875,6230)
(4388,2093)
(1576,565)
(8,878)
(5770,538)
(5992,6273)
(5242,2792)
(1135,1925)
(1189,4347)
(5356,787)
(5673,1312)
(2514,1927)
(6740,3157)
(4905,4328)
(2206,260)
(2360,1252)
(1672,5504)
(4789,4327)
(6950,2547)
(6954,5518)
(645,3499)
(119,876)
(1809,7046)
(1561,4139)
(1334,2935)
(3668,1482)
(3417,3402)
(1568,2191)
(6560,3788)
(3952,1832)
(6582,4978)
(1404,4700)
(5669,4085)
(4432,5306)
(5509,988)
(5415,5873)
(5738,1560)
(3106,6807)
(3175,4706)
(3774,2235)
(3032,21)
(6893,6261)
(3686,320)
(3626,5610)
(3819,3019)
(6430,5720)
(1140,6198)
(5107,338)
(4425,121)
(1913,3158)
(1059,5955)
(3905,5896)
(6613,7037)
(1387,1968)
(6201,5907)
(5675,3974)
(5000,4863)
(3909,545)
(4972,2697)
(1937,4528)
(646,2216)
(6627,6360)
(6794,1069)
(1706,1231)
(5473,2751)
(3450,1609)
(4445,617)
(4018,3088)
(2421,2292)
(6338,4524)
(3894,5503)
(48,777)
(4532,2284)
(3616,3695)
(492,2707)
(2513,4098)
(2849,2584)
(4886,533)
(494,793)
(3693,3838)
(3992,2538)
(234,1496)
(2484,723)
(2579,3214)
(6312,59)
(5611,1988)
(2132,3772)
(1152,589)
(2654,3467)
(6795,284)
(5014,5440)
(673,1974)
(2208,6786)
(3955,1197)
(6679,5164)
(6108,6907)
(5239,1326)
(3743,4743)
(4222,4893)
(6830,5511)
(5207,3398)
(4213,3605)
(2908,4541)
(829,2417)
(1901,3544)
(2247,6238)
(7088,5615)
(1704,2338)
(1431,611)
(2332,3945)
(110,223)
(6137,2671)
(304,3787)
(6490,5361)
(2045,850)
(5577,4431)
(862,6122)
(4882,3670)
(2592,2526)
(1258,6909)
(2905,2957)
(312,425)
(1438,934)
(415,6578)
(6529,5685)
(753,2971)
(2277,4056)
(1284,1683)
(7069,3532)
(143,6358)
(4607,6296)
(1760,3035)
(4351,679)
(4012,298)
(2922,6258)
(5764,2059)
(3401,1005)
(2790,4857)
(14,4659)
(6916,1479)
(6262,5356)
(4784,7003)
(6457,431)
(5841,5461)
(3347,6825)
(6373,6078)
(1850,3484)
(5665,6541)
(2017,3839)
(6130,1030)
(6325,4167)
(6350,1245)
(3408,3445)
(5934,4758)
(853,6289)
(4249,3097)
(7092,5237)
(823,2648)
(5528,7105)
(1739,6626)
(3534,4885)
(3887,1722)
(476,5496)
(708,1111)
(2508,445)
(1432,1766)
(4309,775)
(5564,3151)
(434,1665)
(3269,6018)
(7004,5888)
(617,6403)
(6075,3234)
(6948,553)
(4141,2982)
(5223,1659)
(4930,421)
(4007,5203)
(3956,2913)
(5582,5942)
(5904,3465)
(597,1238)
(5638,7097)
(1573,5239)
(4702,762)
(2165,6274)
(423,2403)
(1126,1349)
(4414,4607)
(4459,4648)
(3877,3659)
(3987,3876)
(5015,6970)
(1411,4413)
(3012,6339)
(2221,1490)
(6828,3133)
(3579,2659)
(3376,3763)
(5071,5621)
(6665,2255)
(7070,2626)
(5187,4200)
(5660,3068)
(300,3091)
(6058,3763)
(3323,3482)
(6431,4828)
(1385,5344)
(2979,4074)
(2098,394)
(6062,4899)
(426,2348)
(1858,5360)
(558,801)
(4176,6848)
(2841,4790)
(4169,2960)
(4192,5898)
(3560,1885)
(7050,5571)
(6707,5345)
(4231,1594)
(1800,3009)
(6699,2904)
(6757,5401)
(1948,4677)
(1567,2067)
(5664,329)
(917,6131)
(3404,351)
(4259,2756)
(5155,458)
(1971,5816)
(1752,5788)
(2537,4370)
(6387,1879)
(3007,1645)
(200,4880)
(1623,6297)
(5974,4617)
(6264,3003)
(6048,6966)
(4144,2488)
(5791,1075)
(6591,2858)
(6314,387)
(7024,2928)
(6881,958)
(5382,2963)
(109,1600)
(6393,4039)
(5846,6045)
(614,5882)
(3764,1483)
(185,6861)
(5624,3189)
(4663,5560)
(2266,56)
(393,1915)
(6701,1990)
(6073,6808)
(2646,2470)
(442,4497)
(6970,2906)
(1975,5811)
(1677,2717)
(3324,1741)
(6279,6261)
(209,2055)
(642,1495)
(1764,3169)
(3837,2165)
(90,1641)
(6710,3718)
(1989,832)
(4475,6788)
(2951,5974)
(1409,5087)
(4229,5936)
(4957,3712)
(6562,3257)
(4374,5643)
(6846,856)
(2012,1945)
(2176,5492)
(4526,4310)
(1471,5650)
(2700,5532)
(4939,7035)
(1681,1946)
(5770,2393)
(2308,6407)
(1205,1101)
(5840,847)
(3689,2014)
(1557,6177)
(5191,2556)
(5529,4260)
(5689,334)
(1534,4825)
(6134,1424)
(5869,6962)
(2565,4779)
(1620,3075)
(6020,2603)
(6386,6528)
(2649,6157)
(194,2486)
(4713,5704)
(1701,6521)
(6074,5134)
(1919,4779)
(4369,6030)
(4009,3549)
(5662,6544)
(2884,848)
(522,1574)
(5472,1997)
(6548,6351)
(5011,1183)
(4612,3555)
(592,4567)
(3074,2990)
(998,1287)
(1841,5336)
(98,249)
(6852,5465)
(6813,835)
(4217,4606)
(840,1524)
(5079,5639)
(4978,722)
(4110,6623)
(1276,6084)
(5860,1531)
(6416,4429)
(776,369)
(4214,4315)
(4081,3023)
(1734,6208)
(3066,3208)
(2750,2118)
(6460,2136)
(3641,3997)
(1736,7081)
(3554,5931)
(3548,4369)
(5380,1793)
(6324,4453)
(1542,2969)
(5599,6173)
(5058,66)
(7071,629)
(6400,3314)
(4739,5601)
(4520,3229)
(2728,2619)
(4345,2910)
(4768,4872)
(6259,1103)
(6753,6112)
(1744,2777)
(2842,2894)
(2437,1912)
(2974,2230)
(3298,2175)
(378,5451)
(4846,2357)
(3739,5984)
(6435,3406)
(5225,6147)
(4646,2446)
(2526,2232)
(2860,1889)
(2399,4331)
(782,5895)
(2201,5225)
(1050,5202)
(631,5708)
(4825,83)
(2742,5526)
(3339,1095)
(1641,1566)
(2954,6013)
(1605,6682)
(6389,4787)
(2049,3243)
(1215,1839)
(1728,7075)
(4740,4737)
(2935,4161)
(3796,2708)
(4327,3981)
(6985,3515)
(6101,3338)
(6382,5609)
(4425,6225)
(266,191)
(4764,3238)
(3669,4582)
(747,3428)
(3234,831)
(6419,2194)
(82,2092)
(1049,1541)
(4308,2601)
(3596,4975)
(5627,2399)
(1009,2100)
(1839,4759)
(2279,1309)
(6116,3)
(1637,2745)
(6346,4702)
(2947,5982)
(955,1335)
(3789,6269)
(2074,1327)
(241,5881)
(2539,5932)
(1642,6160)
(1987,2262)
(6244,3316)
(2966,5672)
(5848,5726)
(1120,6607)
(401,177)
(7081,5065)
(158,514)
(1186,6295)
(4254,3878)
(2978,2332)
(2349,2850)
(5631,3738)
(3490,2744)
(4400,5851)
(279,2544)
(4940,916)
(4268,4472)
(2916,3013)
(6365,711)
(6980,91)
(4665,2224)
(2221,3574)
(1565,516)
(2456,4181)
(371,2688)
(4848,5017)
(4759,6760)
(4937,7005)
(2036,1088)
(387,2855)
(5306,3657)
(6866,1720)
(1662,149)
(6757,3814)
(383,358)
(1001,5176)
(3702,4836)
(3657,3623)
(6443,2187)
(52,1895)
(5557,5162)
(329,3178)
(6329,3403)
(5161,5438)
(2118,1886)
(5772,4380)
(6980,3888)
(1860,4056)
(3488,6466)
(4186,7047)
(2717,1514)
(1318,403)
(7017,6526)
(4352,5213)
(7098,3459)
(5791,3673)
(2301,4667)
(1596,6462)
(93,2200)
(5188,6247)
(4958,6291)
(6993,939)
(5736,5782)
(1022,722)
(4089,4405)
(85,6303)
(2696,2202)
(4966,948)
(4067,2664)
(2624,3683)
(3998,3291)
(1721,2163)
(4031,3964)
(5274,5243)
(6031,6241)
(1880,4820)
(4873,6922)
(951,2825)
(7098,6067)
(5674,7104)
(6071,2392)
(4511,1152)
(6566,5840)
(3435,5829)
(1827,5198)
(3721,5819)
(1093,4102)
(2078,6308)
(4118,5246)
(4575,3605)
(663,1061)
(2618,5035)
(5365,4585)
(1952,720)
(1254,197)
(4806,6249)
(3836,6529)
(4225,5111)
(248,622)
(2632,6652)
(2876,207)
(3913,4180)
(3445,4525)
(4085,5565)
(4493,1620)
(4660,4781)
(5698,6170)
(5814,849)
(5100,3430)
(5090,1909)
(5984,775)
(6826,5135)
(2831,6997)
(1095,4326)
(2900,6063)
(2449,4283)
(4791,6432)
(3500,4901)
(3679,4398)
(6502,2604)
(4852,4776)
(3556,1353)
(6169,6327)
(179,1779)
(3244,3322)
(6574,4007)
(2846,6525)
(5549,2475)
(1775,4343)
(1039,3791)
(3835,6309)
(3321,5941)
(2274,3583)
(5009,1587)
(4692,5304)
(602,352)
(6887,3712)
(6230,1356)
(1177,890)
(1187,3511)
(6504,5448)
(2490,4621)
(1350,1370)
(3396,5382)
(633,6039)
(2295,4444)
(149,4707)
(4053,345)
(6869,6516)
(44,6496)
(3427,3954)
(2777,5818)
(5641,5521)
(2470,4925)
(1926,512)
(93,6691)
(7087,1492)
(6397,438)
(1213,2430)
(1379,6405)
(5921,2090)
(6729,6472)
(4222,4966)
(4525,3268)
(2888,1515)
(4310,497)
(6408,455)
(6900,6080)
(438,3081)
(549,3271)
(1235,6475)
(4571,3052)
(2067,2661)
(433,4136)
(5218,2466)
(2582,979)
(2593,2737)
(6678,6641)
(2617,902)
(57,6330)
(1214,5977)
(5088,1220)
(4389,3990)
(2626,5680)
(3373,2220)
(3353,30)
(5732,1703)
(4530,479)
(2686,4157)
(1458,7091)
(2941,3433)
(1925,584)
(6121,5753)
(1110,2506)
(183,3879)
(4927,1024)
(6840,2140)
(3397,874)
(1841,4547)
(6175,159)
(2262,6250)
(4109,2098)
(6947,3820)
(1899,1024)
(2976,2403)
(2637,6681)
(5735,1530)
(3364,374)
(1728,1810)
(3664,321)
(3893,6580)
(690,2258)
(709,2672)
(4671,6032)
(5107,5474)
(906,5391)
(5919,5750)
(1415,6903)
(5225,5711)
(6066,2880)
(6252,3147)
(3524,1122)
(6433,1571)
(63,2846)
(5905,420)
(1729,6379)
(1556,2127)
(5602,279)
(994,45)
(292,4529)
(3652,1129)
(1496,3930)
(4951,2145)
(5263,1201)
(4049,6454)
(4305,5022)
(6596,673)
(1292,5534)
(5078,6961)
(4614,6671)
(5737,5740)
(2772,2177)
(769,5794)
(965,2039)
(4336,4570)
(3126,3454)
(2857,6861)
(6832,5355)
(2215,1046)
(2219,1380)
(88,672)
(6347,5057)
(4497,6500)
(2461,2464)
(3895,5683)
(5146,7077)
(5661,4819)
(4036,3667)
(2304,5882)
(2699,142)
(3560,1542)
(1894,2863)
(4146,2236)
(4147,908)
(79,1900)
(723,1520)
(1147,3024)
(4501,4476)
(5412,363)
(5558,1375)
(6910,404)
(6135,6211)
(5046,1049)
(1684,4159)
(5317,6509)
(4479,94)
(2296,1077)
(5389,4312)
(762,1881)
(3474,3884)
(5421,4728)
(5183,730)
(3928,4694)
(193,4084)
(6284,5684)
(1956,4422)
(3943,4988)
(2808,5393)
(385,2893)
(4004,3595)
(1725,5231)
(6053,382)
(1751,6180)
(3416,5193)
(5644,4019)
(6579,1818)
(887,5648)
(5753,3787)
(4808,3776)
(2005,2246)
(4817,6259)
(6301,462)
(2256,4162)
(281,873)
(6114,3276)
(5531,1269)
(3196,1002)
(4625,5477)
(2381,1084)
(3102,326)
(1308,6899)
(5327,5624)
(2778,6809)
(4376,3696)
(5645,2657)
(2150,400)
(6366,4221)
(5408,3192)
(1819,3717)
(259,501)
(856,1979)
(4861,2623)
(767,4943)
(6644,5426)
(5976,3249)
(5984,3602)
(5605,3539)
(1742,3590)
(1834,6255)
(3768,4643)
(3098,4976)
(189,2482)
(17,90)
(129,5832)
(3775,3463)
(6516,6493)
(1167,914)
(6241,3989)
(1539,1913)
(6077,6522)
(245,5671)
(6772,2679)
(4224,1202)
(6929,2276)
(6677,502)
(6600,2998)
(2350,3491)
(6300,4202)
(3948,2404)
(5585,5410)
(2830,2554)
(5608,7073)
(2073,4028)
(6658,887)
(3647,5964)
(5154,4731)
(3755,4300)
(2698,5153)
(682,1672)
(6296,1778)
(627,3083)
(5214,5710)
(191,3410)
(6752,5479)
(226,6703)
(2344,1213)
(5097,143)
(6311,3626)
(3489,4798)
(4486,1125)
(1464,6268)
(323,3365)
(2006,3865)
(4515,6044)
(4270,2820)
(4655,2223)
(2387,3296)
(5843,4814)
(3907,6591)
(3123,1048)
(5112,6952)
(6308,6717)
(5812,5336)
(691,1676)
(3576,6050)
(6323,3141)
(1388,2109)
(6991,1862)
(1779,3114)
(997,3811)
(1813,4587)
(4325,6305)
(2306,5876)
(5297,58)
(555,4460)
(5330,3335)
(5717,112)
(1362,1239)
(6023,4396)
(6426,6302)
(1669,1390)
(950,4018)
(3859,4308)
(70,1299)
(137,3689)
(785,1047)
(7074,3207)
(2635,1673)
(6204,217)
(4455,4493)
(1813,3624)
(6776,4036)
(4733,1685)
(2576,6767)
(6709,5784)
(751,3966)
(4238,688)
(3644,1860)
(539,5412)
(4243,3367)
(5286,5015)
(4129,1928)
(825,1522)
(5124,2505)
(552,3603)
(772,2821)
(1085,1137)
(3791,2287)
(928,3806)
(4236,122)
(873,6701)
(649,3340)
(2259,1404)
(6180,2181)
(4853,3038)
(4645,1429)
(814,2355)
(4379,6695)
(4081,2350)
(4885,2483)
(5054,3660)
(4389,3849)
(5353,3324)
(4202,6536)
(6565,5504)
(6854,4611)
(711,5686)
(1368,776)
(3,469)
(2598,2115)
(4594,5169)
(4895,4726)
(3233,4955)
(5826,2186)
(1713,3107)
(836,1749)
(452,3431)
(6677,242)
(6859,70)
(5485,238)
(5527,2245)
(3022,3649)
(970,801)
(5344,2065)
(3216,4669)
(5656,681)
(4579,2179)
(599,6878)
(3030,4605)
(2577,5066)
(5157,6637)
(5340,4933)
(2228,287)
(4868,2045)
(3180,5515)
(1055,4197)
(2187,6606)
(168,6265)
(4105,675)
(6809,1834)
(5444,2674)
(1201,3799)
(68,728)
(6277,5895)
(466,5443)
(3195,1958)
(1818,1247)
(5369,2532)
(4259,446)
(5142,4992)
(5686,5736)
(1712,4450)
(4793,5444)
(2224,6971)
(1312,6152)
(5093,703)
(5842,5542)
(5253,5126)
(1190,5335)
(7063,5874)
(4360,3334)
(5428,2384)
(239,1417)
(5637,1004)
(2035,6053)
(2533,4229)
(5385,6916)
(7073,5475)
(3884,3760)
(5090,3534)
(7059,6167)
(4994,3150)
(5566,1334)
(5510,1344)
(3348,4390)
(5544,6834)
(4918,811)
(3307,2797)
(347,3557)
(2782,3206)
(4876,712)
(6607,2325)
(6145,5802)
(1984,2308)
(1932,1679)
(5213,67)
(4522,5232)
(4573,418)
(2192,6646)
(4842,4670)
(3783,4846)
(2077,5040)
(6775,2229)
(5696,5511)
(4751,2618)
(5169,4794)
(3620,3379)
(6050,3614)
(1501,4813)
(4717,6927)
(6304,5469)
(3592,7071)
(3153,4295)
(5693,2965)
(5721,5731)
(3369,3713)
(4137,6884)
(3277,1861)
(96,2437)
(807,3448)
(2267,923)
(277,1882)
(4165,5348)
(3658,5362)
(2635,4612)
(741,2418)
(5684,1624)
(641,2725)
(327,6654)
(2561,3457)
(77,1274)
(6509,5674)
(712,3526)
(5378,3140)
(2940,3562)
(2216,5254)
(6027,5383)
(5532,731)
(518,5102)
(7046,2228)
(4367,3381)
(5104,6372)
(4567,535)
(2444,57)
(4090,6908)
(3971,2883)
(2069,868)
(3573,2196)
(3586,3468)
(754,6311)
(1443,6791)
(6117,1442)
(5542,1126)
(3588,4333)
(1194,3540)
(4434,2075)
(325,2510)
(5170,5159)
(4892,5536)
(1892,1155)
(3925,2104)
(3915,2650)
(929,3616)
(4732,643)
(4112,3817)
(3800,5958)
(2002,6633)
(6165,3796)
(1793,6792)
(3958,1333)
(3558,452)
(1733,2094)
(1392,110)
(2130,3980)
(1592,4613)
(4242,6981)
(7094,1815)
(6914,3680)
(6572,6859)
(4653,5300)
(4458,6983)
(3892,6716)
(4816,77)
(5007,5303)
(5733,5241)
(4204,869)
(2897,4800)
(6381,3056)
(2491,6215)
(1114,5741)
(6339,2634)
(4253,3267)
(6624,380)
(5184,7094)
(667,3567)
(3854,724)
(2122,5128)
(3433,3002)
(1844,1854)
(6044,4854)
(1369,2690)
(505,682)
(2924,6558)
(336,2912)
(7037,1969)
(2964,2074)
(3383,115)
(5990,5996)
(4842,3802)
(2574,5959)
(4708,2625)
(5516,2997)
(2834,6422)
(5272,5999)
(2095,4693)
(1499,5514)
(6800,4009)
(3263,824)
(5057,4096)
(6790,5887)
(4871,2943)
(5944,4753)
(1505,5574)
(6413,134)
(5484,3928)
(6515,2900)
(1627,1896)
(4114,6823)
(5758,5007)
(439,6178)
(4440,5385)
(3313,819)
(1825,3578)
(2887,6712)
(1346,2568)
(6778,4004)
(546,1849)
(6769,3015)
(1918,5281)
(91,3754)
(1574,6955)
(6737,2877)
(5232,139)
(4221,6241)
(1375,3793)
(6604,4107)
(6759,1369)
(5541,3994)
(4312,3438)
(4052,3591)
(1730,2020)
(108,5131)
(3841,4146)
(4210,6984)
(6440,3870)
(6161,6336)
(6935,1644)
(5466,6205)
(118,4386)
(3986,3046)
(559,3289)
(1844,6552)
(6736,3221)
(4154,5928)
(6615,5915)
(5513,1139)
(3691,3096)
(3217,2535)
(2149,6391)
(5017,685)
(5195,6153)
(5563,6731)
(5960,6088)
(3645,2359)
(2471,2324)
(1746,6054)
(1355,6618)
(4029,6844)
(446,3357)
(1799,3858)
(1123,5074)
(3607,3244)
(84,2096)
(5797,6579)
(6649,1427)
(1427,1858)
(1513,5482)
(695,1857)
(3540,6542)
(6822,2842)
(1025,7027)
(5632,1745)
(3364,4950)
(1753,6893)
(7099,303)
(2188,2794)
(6187,529)
(5940,3885)
(1283,4964)
(3677,6276)
(3670,6191)
(5680,4392)
(6498,952)
(5625,4051)
(4001,6007)
(1394,5480)
(931,236)
(3902,1026)
(1810,3697)
(2014,892)
(4441,4633)
(1389,1332)
(6410,3658)
(2814,4085)
(4773,1141)
(1226,2724)
(613,1634)
(7014,4337)
(3547,3450)
(2607,748)
(3265,631)
(4035,4810)
(6054,1305)
(3865,1858)
(5763,3294)
(5247,2799)
(4743,1360)
(6984,2798)
(1875,5883)
(3354,6318)
(3299,698)
(6394,3489)
(6779,5323)
(5300,780)
(6001,6109)
(5280,129)
(4183,372)
(4741,415)
(5329,4821)
(3363,1796)
(932,3304)
(3851,2561)
(5784,5411)
(5332,6204)
(6197,1085)
(4330,4522)
(2340,2453)
(5349,344)
(4658,5799)
(322,2423)
(388,1726)
(7093,7039)
(6192,5101)
(3935,917)
(3084,3985)
(5642,5033)
(5289,468)
(3829,4508)
(4945,790)
(4058,3988)
(2746,6158)
(5565,6858)
(2799,71)
(4488,531)
(2193,1589)
(3203,2911)
(2903,1801)
(5985,2316)
(6232,4207)
(367,6514)
(1083,1865)
(6153,5709)
(2979,6392)
(4424,5366)
(3205,1149)
(4287,2071)
(1872,1382)
(1914,247)
(5378,3218)
(1982,6541)
(5480,3957)
(5794,932)
(6235,1322)
(6167,594)
(6552,646)
(6922,1121)
(713,2575)
(1463,4320)
(2465,5058)
(5400,5293)
(4906,6047)
(4362,904)
(4462,2558)
(2956,5172)
(3436,975)
(1864,190)
(5941,648)
(4546,4732)
(4427,1770)
(2852,5370)
(730,6852)
(4075,2678)
(2606,6935)
(2768,6587)
(6580,1338)
(1722,5036)
(4337,2733)
(2859,6036)
(3059,5435)
(3158,3478)
(6975,208)
(2467,6929)
(2089,4266)
(2958,5088)
(6393,4362)
(4841,1769)
(280,6224)
(6518,6799)
(4102,6956)
(2965,626)
(2031,5386)
(4469,1087)
(4066,1422)
(5865,4073)
(680,1518)
(6095,667)
(2004,3699)
(869,2150)
(4187,5863)
(6998,6896)
(3305,2978)
(4854,2)
(3343,5163)
(1946,6665)
(6199,985)
(4027,2189)
(2682,2929)
(6784,5724)
(5074,3093)
(2460,5605)
(1586,2028)
(176,6365)
(4970,43)
(3312,4683)
(3184,5268)
(307,592)
(6407,3900)
(2739,1520)
(3040,4717)
(2347,2914)
(2909,1943)
(4464,5999)
(693,5343)
(3142,1920)
(1628,465)
(5507,3891)
(6376,1171)
(1066,1021)
(5176,1730)
(6189,5146)
(764,2760)
(2656,137)
(480,6838)
(2072,859)
(4193,41)
(6195,6729)
(6930,2348)
(5616,6736)
(3194,3071)
(3802,2000)
(755,6605)
(2968,6737)
(5447,2542)
(4182,5110)
(7008,411)
(3984,5010)
(2087,3290)
(3086,189)
(4569,2007)
(4253,6838)
(1320,4050)
(6491,65)
(4284,4338)
(4584,5937)
(1572,6314)
(3399,6129)
(6662,2260)
(6351,2068)
(3463,1256)
(7033,2847)
(2552,7106)
(2771,5765)
(4364,835)
(5561,5054)
(2945,5821)
(5732,4345)
(5212,7036)
(5394,3305)
(6024,1663)
(220,4395)
(4189,5611)
(6943,4469)
(3154,2545)
(1655,4077)
(2214,6242)
(5284,2088)
(3055,4789)
(5102,1585)
(4025,4703)
(3985,96)
(2890,4012)
(6834,4834)
(5205,5652)
(424,1757)
(5497,2810)
(6480,4470)
(6056,3640)
(2120,5892)
(1503,1617)
(2481,5393)
(5023,439)
(2225,389)
(6486,3708)
(1654,1863)
(5965,1374)
(2688,4092)
(2837,5136)
(4718,6322)
(152,6214)
(2663,1533)
(6371,5234)
(6271,4594)
(2760,1273)
(4013,6056)
(3580,955)
(600,5028)
(5598,4832)
(3463,1209)
(6833,4257)
(3575,442)
(3941,6464)
(5997,5923)
(3129,337)
(6042,5843)
(5228,6371)
(6294,6271)
(5309,3404)
(4139,5794)
(6332,6709)
(4707,70)
(5519,6863)
(5363,2614)
(4480,3831)
(4494,5034)
(5138,4615)
(2736,2003)
(3096,5450)
(4036,4798)
(319,4805)
(3411,4740)
(4776,2763)
(1029,1347)
(181,2213)
(3046,6497)
(146,7011)
(1767,198)
(3226,1203)
(233,6098)
(5299,2856)
(1709,4775)
(5495,1710)
(332,6105)
(5504,2754)
(5498,2587)
(2403,7008)
(851,660)
(4456,3193)
(2969,264)
(2948,5124)
(3212,2436)
(6392,3948)
(4638,1825)
(6497,5776)
(1550,4100)
(2141,1451)
(2449,2662)
(5647,6343)
(3621,1070)
(4835,1630)
(6247,6911)
(2691,5375)
(463,2327)
(5542,402)
(6924,6001)
(163,4482)
(1256,7053)
(5417,2085)
(3559,2649)
(2832,6022)
(54,4855)
(4538,3265)
(3480,4823)
(1942,5987)
(127,181)
(2101,218)
(3569,213)
(3790,4349)
(6724,6596)
(5319,3936)
(3025,7033)
(4674,7096)
(5635,1379)
(3078,4340)
(3557,2909)
(6814,5725)
(4232,6959)
(5156,4876)
(1332,1106)
(3711,6839)
(4026,582)
(859,5689)
(4131,2347)
(1353,1806)
(748,4513)
(3360,5334)
(4999,4985)
(3963,605)
(540,5330)
(2594,4626)
(3624,2261)
(4815,114)
(6564,2553)
(275,6046)
(6646,5299)
(1674,3434)
(5168,572)
(1045,5408)
(1002,3043)
(2680,6564)
(2180,4441)
(1920,959)
(3483,2834)
(1440,4572)
(5933,3572)
(1071,1674)
(849,210)
(5982,5983)
(2738,3394)
(3310,4734)
(4597,416)
(867,1736)
(1797,2388)
(6626,491)
(4308,2845)
(3172,2142)
(2177,3107)
(2315,5313)
(1134,5646)
(2959,5456)
(654,3703)
(3945,2827)
(1104,1191)
(6149,3941)
(3910,915)
(1076,3693)
(3631,4712)
(898,748)
(2597,5250)
(146,5179)
(5119,4080)
(5485,2946)
(1248,6046)
(6711,5145)
(6129,5562)
(4392,904)
(5006,5766)
(1723,3782)
(4071,4949)
(2493,5090)
(3303,510)
(1288,5166)
(5465,3736)
(3731,5714)
(1972,4112)
(2253,3470)
(1148,4741)
(5258,5013)
(4539,3664)
(197,559)
(5749,6207)
(5572,1425)
(4745,3233)
(5780,4367)
(5372,3480)
(6282,750)
(1003,2457)
(6740,5446)
(692,1803)
(881,6722)
(6370,7101)
(5449,314)
(5580,6706)
(5598,500)
(5455,5277)
(2038,81)
(5963,2376)
(1180,4314)
(50,5222)
(1715,3000)
(7029,1734)
(4218,5310)
(6388,7070)
(2670,3307)
(3000,2615)
(5233,5869)
(1517,4351)
(6144,4523)
(4220,3976)
(4797,6397)
(2144,3239)
(6933,5635)
(4612,7065)
(4761,5238)
(2429,5540)
(5762,4580)
(4101,4302)
(9,2395)
(3738,6728)
(6469,6545)
(3380,7049)
(1040,182)
(4623,1320)
(2570,6761)
(4673,1432)
(3334,1118)
(3326,3447)
(5409,3206)
(5344,5833)
(1416,6313)
(3282,3705)
(4866,4411)
(4586,2016)
(1826,5530)
(3555,2555)
(3959,2305)
(2102,2071)
(6820,2949)
(1306,2148)
(3777,5894)
(7060,1559)
(2674,6725)
(5435,3972)
(6222,3230)
(4518,2701)
(4164,4350)
(6159,1568)
(107,5125)
(3109,1547)
(1358,1135)
(5785,5006)
(5911,1956)
(386,4317)
(7040,840)
(2785,1888)
(3053,3070)
(4204,6395)
(837,3349)
(4048,7017)
(3281,1064)
(2614,3044)
(6669,549)
(4592,1039)
(1665,3343)
(4577,4943)
(3498,2991)
(3423,3292)
(6607,1975)
(6123,5728)
(4465,2465)
(6734,222)
(1299,3991)
(1581,6634)
(3414,3604)
(3231,6749)
(5887,5133)
(2504,5628)
(3549,4070)
(786,2711)
(6932,5552)
(5681,6880)
(213,5862)
(6926,1775)
(6007,6400)
(6014,3)
(4913,2831)
(390,4372)
(1910,2233)
(3039,489)
(3213,4067)
(5039,697)
(6517,6635)
(1794,2164)
(630,5500)
(2420,4053)
(1080,6350)
(7,6093)
(3400,393)
(2367,1788)
(321,1884)
(2196,2894)
(5973,3654)
(1466,1952)
(5065,4216)
(3468,1489)
(1611,1090)
(1785,4332)
(5833,6446)
(4632,1393)
(850,1794)
(310,3481)
(5252,1784)
(1685,6040)
(5761,1434)
(6107,5548)
(3566,6573)
(6731,4217)
(2826,4264)
(5609,4530)
(5790,37)
(2868,3728)
(1547,2285)
(3846,690)
(509,1747)
(2987,2459)
(6034,2665)
(3113,5569)
(4461,2985)
(4565,4117)
(4752,4719)
(1787,4268)
(2391,1109)
(6328,2048)
(4858,3965)
(1090,5184)
(7096,1175)
(801,5397)
(2713,3344)
(6648,201)
(6043,2283)
(5883,2040)
(5092,2640)
(697,5893)
(3285,5550)
(3115,1434)
(2425,5252)
(236,3199)
(5413,2736)
(498,1339)
(1112,4576)
(4631,6592)
(6979,3710)
(208,1272)
(4744,3028)
(4428,440)
(625,64)
(5411,1097)
(6610,4035)
(6661,4303)
(2983,3453)
(5750,3115)
(6178,4972)
(2186,1586)
(4051,5600)
(1634,7055)
(3563,2411)
(2302,4610)
(4829,2406)
(4911,3946)
(593,3004)
(4069,5399)
(3806,3275)
(3770,1078)
(2687,1040)
(2556,2784)
(4636,4922)
(49,6152)
(3846,309)
(6923,1837)
(4020,6325)
(1969,3768)
(4742,665)
(6326,4953)
(613,770)
(1073,6398)
(5048,2537)
(7076,4723)
(5701,3998)
(5479,1897)
(4775,2128)
(5744,1736)
(6860,5647)
(6726,5436)
(6156,2589)
(1588,5733)
(1486,1615)
(3006,4534)
(373,758)
(4343,2440)
(2796,5309)
(2291,2583)
(2774,1652)
(1349,402)
(7023,882)
(5861,3613)
(3656,3395)
(1619,2476)
(5013,4415)
(6091,4974)
(7067,103)
(847,1868)
(6692,1331)
(5477,1687)
(4062,2213)
(6395,1044)
(2615,3343)
(5827,3184)
(5960,6107)
(5991,6812)
(210,5531)
(5268,187)
(6750,6828)
(2344,1763)
(4508,155)
(4862,2405)
(2754,214)
(57,1050)
(3692,1740)
(1282,1838)
(2440,2311)
(2213,2021)
(4765,2816)
(882,2569)
(4883,3923)
(5038,4292)
(1000,2282)
(6868,5290)
(819,1419)
(2243,997)
(3297,3601)
(891,2290)
(5100,6071)
(2359,5239)
(988,5253)
(3228,1253)
(2139,2275)
(3103,1904)
(2461,2314)
(5765,2844)
(2520,3283)
(4163,2908)
(5893,14)
(4035,3416)
(6724,2659)
(3080,6532)
(1279,1787)
(3929,5368)
(32,3643)
(5515,1568)
(3188,5068)
(2568,5517)
(470,5484)
(2693,2270)
(2419,1936)
(2316,494)
(1300,1153)
(2032,7060)
(6204,3542)
(6005,2274)
(4512,6366)
(2091,4619)
(3185,3775)
(3260,1841)
(4070,1779)
(4557,296)
(3209,6972)
(543,6190)
(1383,3896)
(3072,4736)
(5679,851)
(3361,2199)
(328,1540)
(2861,6417)
(6112,2102)
(3525,3420)
(1137,3723)
(29,5099)
(4158,3211)
(1939,6129)
(1888,80)
(1822,2858)
(2416,1635)
(4173,5247)
(1788,3487)
(5719,4454)
(6621,3027)
(1743,86)
(6298,3798)
(6522,5825)
(5877,2574)
(2524,1343)
(4615,3264)
(1163,2306)
(360,5634)
(1444,5779)
(5105,456)
(5209,5280)
(350,5467)
(456,1115)
(976,4903)
(2059,3821)
(2270,2681)
(5600,2576)
(6573,3329)
(2198,6975)
(5943,6522)
(6278,6401)
(6224,6882)
(4265,2397)
(1699,352)
(921,2594)
(7105,5371)
(4507,6841)
(4904,2944)
(3789,5191)
(1338,4014)
(2822,5177)
(1368,5606)
(1692,6376)
(4536,6228)
(1498,2238)
(1508,619)
(2129,661)
(6360,6667)
(7102,6450)
(4581,4335)
(658,6037)
(2400,5142)
(5210,1637)
(2238,4982)
(3823,4276)
(6146,6182)
(2324,4767)
(6919,6527)
(4203,3934)
(3081,745)
(1896,4627)
(3002,378)
(1820,290)
(6645,1556)
(2034,5566)
(3681,6836)
(6602,6714)
(3249,4751)
(1881,3045)
(5547,3931)
(4721,6968)
(3308,6381)
(6974,5116)
(5692,6404)
(2397,6802)
(6225,5902)
(4294,3439)
(3477,1751)
(5206,4629)
(2970,3759)
(1768,2415)
(6771,2945)
(1795,2818)
(1103,1697)
(6475,1917)
(5818,2302)
(7056,2639)
(769,6)
(5384,678)
(1643,3016)
(601,5855)
(994,4132)
(3551,1237)
(4933,880)
(6686,6718)
(2044,3537)
(6905,620)
(17,3691)
(4178,3995)
(3995,2303)
(486,6430)
(153,1859)
(3784,6696)
(6205,1758)
(4086,3452)
(6069,518)
(4491,3514)
(4499,4406)
(4083,1344)
(6320,2950)
(1212,6423)
(1914,6329)
(5379,1558)
(6640,6750)
(355,6307)
(1237,1446)
(1234,5157)
(2825,791)
(4502,1564)
(3517,6217)
(1802,5993)
(4910,3631)
(3285,6370)
(201,3510)
(1391,577)
(2284,2579)
(6126,1544)
(147,4142)
(936,6010)
(2981,7001)
(1157,949)
(2052,3094)
(2527,2658)
(6635,2817)
(389,6698)
(1769,3302)
(5890,5551)
(6438,361)
(6687,6757)
(7099,5317)
(3305,3565)
(4419,486)
(5216,6109)
(942,3750)
(4678,2201)
(3680,6594)
(1374,4826)
(411,5471)
(1860,5673)
(6241,4583)
(427,3261)
(6223,6113)
(4149,2267)
(3288,248)
(2711,1215)
(4636,1850)
(1808,3181)
(2009,4681)
(2861,1236)
(562,5012)
(2999,5654)
(3965,295)
(1417,5636)
(3938,3053)
(1042,1267)
(938,3196)
(7106,5376)
(4277,5758)
(6250,2959)
(5256,1950)
(334,1423)
(343,885)
(5136,5093)
(7107,1283)
(989,4562)
(3270,6383)
(1977,519)
(2991,6773)
(6396,286)
(6358,2707)
(4984,1949)
(1290,4461)
(1121,2146)
(2806,6402)
(4901,6219)
(6432,5402)
(2403,1210)
(964,3397)
(5777,3021)
(1645,3739)
(6844,820)
(2629,6925)
(6021,6707)
(4448,4839)
(1478,2765)
(5026,1711)
(1462,3655)
(6576,4246)
(2914,5597)
(4223,4446)
(5559,6165)
(1647,671)
(5195,2336)
(2140,1563)
(2588,7040)
(256,5216)
(706,2734)
(4838,5573)
(2840,6991)
(5434,4087)
(1343,2899)
(2820,3227)
(1851,3300)
(4867,2806)
(1342,4011)
(6383,2715)
(4215,4256)
(2373,244)
(3276,5717)
(1264,4783)
(4551,4499)
(6107,62)
(6907,6176)
(746,3824)
(4598,5927)
(3699,2519)
(5623,2492)
(3199,5356)
(2378,3889)
(1803,3401)
(5311,1189)
(4060,1682)
(1130,4158)
(749,6772)
(3371,3437)
(980,4809)
(805,1125)
(2589,6155)
(3754,4212)
(5277,881)
(5795,1440)
(5725,2956)
(841,2713)
(1853,3311)
(3978,5865)
(3210,1013)
(3065,31)
(4447,5838)
(4666,3084)
(3637,5806)
(1781,217)
(3141,2296)
(1972,5746)
(1726,3466)
(2855,3358)
(4540,120)
(2134,1271)
(2085,5141)
(914,3441)
(2382,6854)
(1811,5535)
(1890,3251)
(3328,1567)
(16,1286)
(4985,1418)
(1477,3007)
(1380,2771)
(4754,1367)
(4897,4713)
(2045,3361)
(5987,2748)
(6617,1712)
(497,1221)
(1571,554)
(1616,953)
(151,5132)
(1798,5678)
(76,1409)
(5947,1675)
(5368,6433)
(5198,1853)
(1621,1372)
(4787,5278)
(157,5434)
(187,827)
(1835,1638)
(284,33)
(6884,6127)
(5836,2779)
(1525,6917)
(3870,1523)
(5907,941)
(4722,1507)
(114,3524)
(1697,503)
(2580,3634)
(5135,40)
(7029,2405)
(4376,5929)
(1324,960)
(5612,5027)
(1604,3882)
(4611,85)
(6675,2455)
(4005,1009)
(6131,1686)
(2507,6104)
(4024,4108)
(779,3587)
(854,4305)
(506,6301)
(5060,2211)
(143,49)
(6972,6694)
(4591,4042)
(3625,6156)
(4460,6282)
(2488,1619)
(3825,180)
(6331,5553)
(4697,162)
(1998,4409)
(6592,3572)
(196,5588)
(6268,7029)
(2724,3665)
(599,5737)
(4887,7101)
(919,2367)
(102,3371)
(2458,2803)
(6903,1627)
(5055,844)
(4653,798)
(2863,3935)
(6656,3501)
(253,6396)
(4185,7030)
(5875,5992)
(4068,1916)
(4248,5127)
(651,4204)
(2290,356)
(3422,2804)
(5927,2319)
(5331,346)
(2902,2422)
(7006,306)
(4709,5901)
(607,3432)
(5414,1510)
(6494,1642)
(6817,4140)
(2427,7078)
(949,410)
(4264,4299)
(5898,5738)
(2260,2029)
(4988,1780)
(7058,2144)
(638,6276)
(3132,4822)
(2721,5282)
(1846,1266)
(1484,931)
(892,3978)
(857,3370)
(1041,1689)
(2374,3199)
(1161,276)
(902,954)
(707,1829)
(6545,725)
(3247,1774)
(6527,105)
(2229,6233)
(5357,2218)
(4314,5325)
(3256,2244)
(4616,6553)
(3152,4679)
(5854,1690)
(2872,767)
(2749,4795)
(5152,3684)
(687,3732)
(3882,6171)
(6343,5137)
(5908,6815)
(4315,4724)
(3874,5591)
(6702,4330)
(4262,4999)
(5305,6758)
(2926,6076)
(5229,4141)
(4170,5473)
(590,140)
(5180,4103)
(5895,4470)
(591,2660)
(1451,4448)
(777,4968)
(1904,1636)
(4135,1771)
(1912,5878)
(5121,6498)
(736,6560)
(5697,5444)
(1870,1584)
(27,2353)
(5811,1120)
(4457,5920)
(3330,3168)
(5271,6051)
(6625,1216)
(2788,2053)
(6359,501)
(4556,1433)
(5,2796)
(4714,6405)
(4813,3552)
(4211,917)
(4343,4832)
(2024,6073)
(1198,7023)
(537,6267)
(3725,3794)
(5533,4598)
(1159,806)
(4349,263)
(971,6304)
(874,2442)
(2498,2970)
(3102,3970)
(524,6033)
(1720,6656)
(5769,23)
(1950,1809)
(3855,1373)
(6758,373)
(5872,1598)
(838,4040)
(3244,5262)
(6894,1164)
(4396,5965)
(6816,2443)
(5035,6940)
(3644,2374)
(3040,6377)
(232,4623)
(3839,97)
(1445,3339)
(6185,734)
(3145,1796)
(3649,5595)
(4372,7002)
(4494,6518)
(6926,5074)
(5131,3310)
(2844,2953)
(878,925)
(3761,6342)
(4344,860)
(6310,2479)
(3354,3124)
(2707,6885)
(7001,1835)
(7091,2066)
(3769,5009)
(5287,5053)
(1345,1341)
(4861,69)
(6628,3136)
(4635,4172)
(478,6209)
(1518,4556)
(4814,2669)
(5335,924)
(2494,3774)
(4301,3246)
(1549,2714)
(6880,100)
(6639,7018)
(3505,1281)
(4578,4223)
(6212,5042)
(3589,5864)
(4989,3578)
(4807,6776)
(6216,4740)
(4731,3600)
(6019,4861)
(6684,5407)
(5819,269)
(4523,2313)
(5682,6232)
(7047,5739)
(5040,1654)
(3487,3442)
(1384,3126)
(5792,4002)
(6994,4086)
(4055,4841)
(809,291)
(1550,5655)
(876,5692)
(2990,5369)
(1563,117)
(6756,1923)
(3128,2125)
(797,897)
(1256,933)
(5756,2497)
(5569,921)
(6262,2635)
(6216,3594)
(6501,3816)
(5690,36)
(4032,5023)
(1703,2652)
(2097,6256)
(864,4419)
(3041,5879)
(2507,324)
(589,6664)
(4420,2522)
(1127,4236)
(4317,754)
(4716,5642)
(2716,5251)
(1842,5916)
(5224,1933)
(812,2460)
(1207,5338)
(1459,4859)
(3654,3735)
(5979,1728)
(4920,3642)
(4595,3541)
(6100,1793)
(3075,2508)
(2613,800)
(5937,2525)
(1519,641)
(3864,3366)
(6888,1302)
(4975,5856)
(2420,5300)
(5722,772)
(4679,2565)
(962,2501)
(1101,6831)
(7021,3172)
(520,5953)
(249,5262)
(604,4551)
(1644,1457)
(1897,6486)
(4763,3033)
(1694,5167)
(2904,4346)
(5560,558)
(145,3145)
(3822,3704)
(3379,5217)
(3438,5156)
(2826,1249)
(5343,6715)
(24,4720)
(3776,2018)
(1612,396)
(1126,5488)
(3306,367)
(1393,4187)
(5488,3185)
(4964,5772)
(5220,376)
(5741,2573)
(3651,4538)
(895,1293)
(5356,5867)
(4880,6989)
(5754,328)
(6041,2632)
(3393,3110)
(4235,1980)
(7084,148)
(2066,492)
(4096,2726)
(3159,6675)
(6593,4770)
(2793,4249)
(719,4796)
(960,5539)
(1356,1604)
(4298,5544)
(122,5154)
(6219,6091)
(2566,3861)
(6996,3850)
(5855,1906)
(2733,2786)
(1370,186)
(5964,942)
(6405,2819)
(4481,3786)
(95,1067)
(1532,5952)
(3125,1279)
(1862,4263)
(1814,1217)
(3197,3161)
(996,2838)
(282,4461)
(4822,5841)
(6878,805)
(2444,2311)
(714,6444)
(1183,322)
(1526,6827)
(1400,6967)
(3662,504)
(2405,5463)
(2991,4030)
(1109,111)
(2145,2961)
(721,1688)
(2610,3811)
(1467,1875)
(2634,3726)
(1062,6041)
(2365,6020)
(2816,6292)
(690,2580)
(6405,2854)
(5126,774)
(6782,6606)
(4740,2652)
(5471,3847)
(1162,1413)
(5596,3260)
(2923,1966)
(5182,3789)
(806,6141)
(6017,6593)
(4849,51)
(6203,16)
(3449,4757)
(6063,4302)
(6858,3298)
(2823,2371)
(5954,5827)
(1828,6106)
(4316,6378)
(156,5743)
(2248,1668)
(5584,2869)
(2402,765)
(1488,2107)
(6795,4526)
(3478,4163)
(2718,316)
(1315,5564)
(6636,5961)
(669,2980)
(586,6875)
(74,5703)
(2110,956)
(2025,5627)
(569,3018)
(974,5547)
(3208,4787)
(2640,3662)
(4239,2869)
(1789,861)
(2917,5072)
(1418,3330)
(3467,5584)
(889,5889)
(2249,3780)
(6434,3309)
(678,951)
(941,1007)
(1397,5274)
(6976,2421)
(2590,5226)
(925,5957)
(2853,3517)
(6655,2480)
(4790,6741)
(6209,2083)
(1371,1303)
(1137,3141)
(1716,6040)
(2131,1467)
(545,3845)
(2170,275)
(368,2389)
(3543,4651)
(3333,6480)
(4346,7080)
(103,3042)
(4252,1613)
(4942,147)
(2915,6830)
(4936,5948)
(3249,6118)
(1279,5030)
(6345,2073)
(6052,1582)
(4165,1705)
(6009,3520)
(457,3037)
(3889,1894)
(2100,6967)
(582,6334)
(1836,6704)
(4798,4921)
(2657,2249)
(3967,1315)
(4016,3421)
(1879,4445)
(4581,2835)
(6353,3113)
(2725,6860)
(927,3076)
(1097,2749)
(5310,4032)
(4547,5019)
(2171,2398)
(3518,1052)
(880,3392)
(2548,6586)
(5163,482)
(223,644)
(1949,1612)
(4834,7012)
(6937,4154)
(6401,5384)
(4737,3858)
(4263,5991)
(66,2266)
(1661,1693)
(4495,3635)
(3729,2916)
(2929,3202)
(1683,4725)
(1577,903)
(3973,5722)
(6968,1180)
(1447,1435)
(6026,3455)
(2309,5581)
(2147,2865)
(5273,1768)
(5864,336)
(5244,4577)
(7034,1519)
(5259,2852)
(4358,4179)
(3511,4397)
(1245,1301)
(6210,2274)
(397,4747)
(5025,4434)
(7078,4424)
(2061,1463)
(3390,6545)
(6676,6924)
(1457,1697)
(3358,4322)
(2495,3474)
(6228,2036)
(3817,2190)
(3968,5152)
(3947,509)
(1489,6713)
(3881,4058)
(518,2152)
(6561,6905)
(31,7020)
(1564,773)
(5983,3072)
(3258,1546)
(1034,1117)
(3166,3462)
(3289,4977)
(3811,1098)
(1261,5455)
(2162,429)
(92,6293)
(5755,4354)
(5052,4467)
(1172,4375)
(5165,2701)
(4402,972)
(1218,1647)
(4624,5670)
(5614,417)
(5399,2450)
(6131,22)
(4549,2023)
(1195,4918)
(4438,6793)
(5849,5126)
(4715,5891)
(3927,5473)
(1830,7087)
(6913,311)
(1482,4590)
(262,6684)
(3909,6063)
(131,4148)
(2702,5679)
(2426,1460)
(4103,3405)
(1298,335)
(2136,1719)
(4832,4120)
(299,5968)
(2487,919)
(5016,5705)
(4997,825)
(5808,5659)
(5658,2081)
(247,4540)
(6833,4874)
(326,4193)
(2864,5052)
(1792,4603)
(6746,3443)
(2669,2884)
(6140,4113)
(993,4098)
(5362,5318)
(1770,4269)
(1232,3224)
(154,4466)
(855,4357)
(519,185)
(2496,5351)
(3826,6260)
(3117,1011)
(820,2364)
(2501,735)
(5089,6608)
(1566,743)
(3144,3034)
(666,4495)
(5375,1113)
(3710,7108)
(4442,3573)
(3964,1092)
(4590,3534)
(6889,6912)
(515,1581)
(4601,4558)
(5586,1622)
(2112,3921)
(3953,2653)
(1624,5161)
(403,6472)
(3264,3777)
(548,1561)
(5280,544)
(231,4729)
(258,453)
(6551,4761)
(4804,400)
(6206,2875)
(810,3368)
(6070,3049)
(5245,6943)
(743,1263)
(4909,3376)
(2630,4165)
(13,796)
(677,124)
(2518,3536)
(6578,3282)
(1115,3148)
(3526,4532)
(4162,1707)
(3351,2002)
(1660,4082)
(1286,5149)
(1882,2468)
(3331,6688)
(6823,6181)
(865,4199)
(1131,29)
(6244,2967)
(3151,4687)
(4394,655)
(2506,6625)
(4351,922)
(3403,6764)
(1887,4465)
(2709,3396)
(2117,5434)
(5920,4574)
(565,4003)
(1758,6120)
(212,3938)
(6257,389)
(6857,5525)
(3642,3133)
(4375,6979)
(2800,5499)
(4628,3721)
(3100,6782)
(4473,441)
(5917,2987)
(2216,252)
(337,6117)
(679,1737)
(5462,1616)
(5337,355)
(6952,3737)
(2280,6164)
(6243,1181)
(3501,2741)
(3005,3167)
(610,3348)
(5342,943)
(2692,2184)
(5811,1786)
(55,1350)
(3541,4634)
(1776,3596)
(3591,3498)
(885,4882)
(710,366)
(2151,1051)
(2639,2368)
(6493,2478)
(5139,3917)
(6215,3622)
(169,4835)
(1310,1275)
(969,274)
(1146,896)
(6802,676)
(6885,3050)
(894,252)
(3211,1270)
(2652,366)
(621,3262)
(5620,2304)
(4670,1045)
(382,1193)
(632,4319)
(802,6950)
(485,4242)
(4991,6854)
(5650,761)
(981,4046)
(2015,7059)
(3070,4304)
(3070,5860)
(1909,3328)
(6956,3525)
(6429,6891)
(5160,104)
(689,1268)
(1717,579)
(655,1160)
(2358,2728)
(133,2642)
(3373,3899)
(1558,2281)
(5728,4352)
(6534,1951)
(4755,6154)
(1003,3030)
(5994,1931)
(4757,5175)
(2901,5719)
(6941,6072)
(920,6585)
(316,5561)
(5738,5868)
(722,2693)
(1608,73)
(708,2921)
(3455,5661)
(940,6367)
(504,4721)
(3385,2474)
(5667,2815)
(5901,5195)
(1255,2084)
(572,5430)
(3287,6221)
(5550,4309)
(3785,5312)
(585,5236)
(4738,6974)
(1493,2294)
(1015,5852)
(1257,2082)
(1421,3886)
(5885,4510)
(1044,2512)
(1004,3425)
(69,2279)
(1311,3853)
(6898,4078)
(526,5922)
(2835,6933)
(6439,3817)
(5248,257)
(3878,88)
(3432,2626)
(6546,2773)
(1711,6340)
(2383,4599)
(2532,4114)
(5673,5392)
(5512,2154)
(1527,3317)
(6286,3078)
(5773,6236)
(1072,2467)
(2183,3205)
(144,4381)
(2911,1432)
(2361,4772)
(5167,3010)
(2977,1651)
(885,6425)
(523,2426)
(6851,3409)
(405,2162)
(4812,947)
(4333,1426)
(3735,1073)
(1592,650)
(59,6843)
(5189,6460)
(4516,5322)
(4319,427)
(1182,4622)
(635,5341)
(499,5580)
(2703,3632)
(4946,4941)
(7051,2785)
(1509,6495)
(4686,5452)
(3021,293)
(579,5105)
(5646,2841)
(5240,3733)
(1185,5096)
(372,1057)
(3316,6699)
(5553,5368)
(3297,1962)
(4667,1753)
(6698,4521)
(274,5100)
(1771,5520)
(4166,2964)
(2240,4963)
(1917,4995)
(5496,5056)
(309,1242)
(3918,1954)
(4355,434)
(4006,4155)
(1481,6698)
(568,3142)
(3368,4560)
(4762,929)
(6966,1678)
(657,6209)
(3342,2341)
(683,1629)
(5972,935)
(7049,911)
(3896,2596)
(6620,6245)
(2289,5973)
(4266,266)
(2202,282)
(626,1652)
(2616,920)
(1504,6183)
(7013,6799)
(3336,3663)
(6552,2444)
(5420,3295)
(3531,6503)
(5393,2160)
(4700,1987)
(3130,5664)
(5593,6726)
(2135,6588)
(1322,6388)
(3333,6655)
(3122,6845)
(3127,4388)
(3241,174)
(5870,4286)
(71,245)
(5338,2462)
(551,789)
(6531,4211)
(6521,6874)
(1196,447)
(4915,3352)
(5670,4625)
(1107,1548)
(4891,3025)
(912,5233)
(6068,1624)
(2054,3350)
(2817,600)
(341,6069)
(3999,3400)
(5962,2117)
(1065,5691)
(2041,6620)
(6337,1705)
(6141,6897)
(61,1436)
(5128,1867)
(1243,6328)
(2751,2121)
(5051,5546)
(3954,2696)
(4954,3558)
(2103,2295)
(2079,4261)
(1321,6424)
(5766,5975)
(4233,2790)
(4412,3488)
(1807,4215)
(903,680)
(7012,2577)
(4630,6256)
(4801,5005)
(5401,1394)
(4335,2487)
(574,4746)
(2811,1942)
(3601,3286)
(4703,3120)
(6861,2414)
(5031,5091)
(1999,2637)
(6810,3652)
(3174,136)
(5358,1918)
(5822,689)
(5752,3856)
(983,5660)
(6864,2394)
(4385,1452)
(2363,1708)
(1687,1525)
(5437,109)
(6194,2746)
(5222,138)
(6695,1842)
(6721,66)
(2949,5296)
(5179,6976)
(1935,4241)
(2561,3542)
(1132,2742)
(776,5612)
(1603,3059)
(5440,1798)
(5433,7047)
(6237,4894)
(5270,3864)
(2329,6513)
(4073,1605)
(4174,6463)
(2957,5641)
(6132,2133)
(4541,5305)
(4794,3887)
(1886,3112)
(4971,6082)
(4695,3080)
(2710,1977)
(3461,555)
(1537,2862)
(4965,5742)
(5174,2354)
(4657,1964)
(1396,1553)
(6496,996)
(3169,1618)
(3688,1499)
(5700,1767)
(901,562)
(1474,4072)
(3345,5485)
(5416,5273)
(5547,557)
(1871,5243)
(4017,5462)
(2505,6640)
(5066,2645)
(3782,4718)
(2048,3132)
(3325,1698)
(1379,3644)
(6749,5594)
(5760,6226)
(4760,1100)
(5952,2222)
(6714,3950)
(3502,6130)
(4950,2271)
(6865,3958)
(3773,1528)
(4179,5523)
(3003,6506)
(1656,5168)
(6796,6086)
(7043,2209)
(6718,936)
(285,1375)
(490,5439)
(2773,5608)
(3712,3242)
(2152,5745)
(974,4185)
(331,4537)
(3857,2315)
(1254,4127)
(2788,3743)
(756,6876)
(1021,4654)
(2234,6288)
(3431,4126)
(3972,231)
(1678,450)
(510,1754)
(5568,6526)
(4681,2589)
(663,6982)
(2690,4271)
(1272,5572)
(4779,3863)
(6855,3925)
(5847,5607)
(5702,5447)
(2859,5551)
(6520,2942)
(3831,4652)
(403,1657)
(570,2346)
(637,1261)
(4574,2654)
(5501,5405)
(5899,905)
(3248,2200)
(5032,1535)
(422,5062)
(5116,1462)
(5743,3209)
(6267,1501)
(2612,5979)
(662,1583)
(1348,235)
(1192,6723)
(1601,4194)
(5980,5106)
(6458,3086)
(6606,4552)
(120,6227)
(2339,4213)
(2269,523)
(5005,6850)
(4357,1910)
(4193,6436)
(2924,1723)
(3294,3109)
(303,150)
(3736,1921)
(1923,1346)
(2873,2567)
(1143,4916)
(4980,1880)
(4111,4191)
(6305,408)
(5869,2158)
(16,3251)
(5909,3021)
(5751,5242)
(6905,3047)
(6473,1321)
(4626,1255)
(2243,3968)
(7057,4640)
(672,5795)
(2331,2932)
(1887,6262)
(6886,1224)
(348,5613)
(2821,1787)
(4870,2413)
(3374,392)
(5707,6290)
(444,1474)
(6283,6468)
(5474,4364)
(3561,986)
(351,3250)
(3274,3058)
(3143,822)
(5733,5859)
(4723,3399)
(3661,3734)
(6958,1480)
(5190,5558)
(362,7076)
(3378,1649)
(2871,3256)
(4381,4682)
(2599,2788)
(2411,2597)
(5699,1397)
(2770,1147)
(3181,2925)
(6475,2299)
(3410,3585)
(1270,3026)
(6489,3022)
(3171,1441)
(2566,5617)
(1804,2460)
(2263,2981)
(2230,6713)
(5,6317)
(2921,6639)
(2386,4544)
(5432,5219)
(4926,192)
(4055,4990)
(4568,5029)
(4332,1727)
(1648,862)
(2984,2683)
(117,319)
(4605,6210)
(3787,5796)
(1636,5178)
(1773,6720)
(542,6489)
(6480,3825)
(1944,6114)
(3268,3767)
(4459,3596)
(3957,5291)
(1538,4917)
(1035,5620)
(300,1015)
(6944,3456)
(6229,3901)
(4731,4230)
(4000,3529)
(1922,6638)
(738,383)
(3751,1132)
(4823,3566)
(58,2105)
(1222,695)
(6891,1037)
(4142,5470)
(5552,5394)
(4710,5812)
(4003,5266)
(4821,3869)
(3237,2588)
(4298,6200)
(2905,551)
(2468,2622)
(4593,5787)
(1697,5732)
(288,1389)
(203,4420)
(4416,4138)
(2972,6571)
(1223,6566)
(1446,1313)
(4107,3149)
(608,1724)
(7075,771)
(43,7047)
(1108,5563)
(6018,6426)
(547,2251)
(1309,2492)
(3278,6677)
(3251,484)
(6825,1207)
(1160,989)
(1252,281)
(1295,2729)
(4208,2774)
(5651,5807)
(944,5760)
(4998,4258)
(1094,1205)
(364,808)
(1373,6520)
(6540,5759)
(4072,2775)
(5143,4553)
(4705,925)
(2795,6783)
(2113,2598)
(2665,5466)
(140,5233)
(3666,1285)
(4619,5031)
(1878,3765)
(4051,3979)
(969,4727)
(534,3144)
(902,6090)
(1429,1162)
(5110,3369)
(7104,5399)
(2798,2822)
(1586,1161)
(1424,6116)
(4117,6746)
(3328,6868)
(2149,2032)
(5328,4307)
(3603,6894)
(5000,5545)
(4421,6603)
(2168,45)
(461,4770)
(4401,4391)
(160,6043)
(2934,6766)
(6594,4722)
(3016,4226)
(933,5488)
(1891,1701)
(2254,778)
(4095,3117)
(3133,1240)
(45,6889)
(1491,2743)
(2081,4931)
(5061,826)
(2995,1486)
(1542,5316)
(6349,1311)
(177,4426)
(4093,3618)
(5294,1358)
(4398,3694)
(4818,4198)
(1837,3967)
(4652,5050)
(5397,4503)
(1426,5046)
(6633,4912)
(4805,2767)
(6030,583)
(6787,4883)
(436,7069)
(349,3336)
(1640,6642)
(4828,3927)
(3867,6409)
(1047,4573)
(2653,6958)
(1718,2461)
(881,2061)
(4893,3063)
(6837,6443)
(2281,3236)
(6842,5420)
(5844,2253)
(3341,3321)
(3451,974)
(4247,5437)
(4257,2037)
(5302,1572)
(3564,5494)
(5291,4305)
(400,3937)
(4874,4586)
(1670,3647)
(2715,7028)
(1953,5211)
(6202,4478)
(5511,74)
(4831,3953)
(2271,539)
(3246,967)
(674,6281)
(7015,3085)
(5081,1955)
(1635,3999)
(3447,3941)
(1947,6755)
(5250,5327)
(6052,729)
(1068,2010)
(1897,1580)
(3605,3375)
(1094,1391)
(4810,3651)
(3465,4131)
(2600,3393)
(3485,1266)
(4651,3646)
(3940,3724)
(936,1461)
(2737,4106)
(6104,5804)
(4725,4818)
(3170,2419)
(5510,6138)
(5257,2841)
(4558,188)
(2353,6135)
(6720,3200)
(2779,532)
(2892,167)
(3010,1791)
(4844,6231)
(2156,1732)
(6634,870)
(2882,700)
(4811,4150)
(5490,2254)
(4537,3903)
(2182,5349)
(4470,2477)
(3494,6253)
(5643,1640)
(1907,1937)
(2275,3237)
(813,3579)
(1206,3686)
(6362,5150)
(6603,3118)
(6176,2141)
(3193,3101)
(1484,2861)
(5555,653)
(1580,4886)
(3861,2322)
(1210,1713)
(2239,5947)
(3728,3160)
(6150,5781)
(6726,3973)
(6727,4701)
(1649,145)
(2946,2641)
(6660,5668)
(5099,6871)
(4680,6195)
(5713,4637)
(6688,2473)
(6098,5185)
(311,2996)
(2992,285)
(1221,3859)
(4161,2968)
(4969,2595)
(1968,5567)
(5977,1444)
(2436,1130)
(22,2809)
(808,4881)
(6978,1539)
(2070,5577)
(219,458)
(2435,4306)
(2040,2360)
(822,1400)
(575,5831)
(1529,664)
(2783,6612)
(3168,6162)
(5067,5427)
(3832,1650)
(5534,2349)
(6240,1588)
(3833,1673)
(2891,4122)
(790,1957)
(5546,943)
(4544,2171)
(2764,575)
(4390,5433)
(5517,3191)
(2003,2902)
(2128,6945)
(1787,186)
(1905,6920)
(6154,5319)
(5096,1472)
(2553,3230)
(1086,2298)
(5144,6803)
(6102,27)
(1870,3893)
(1765,2407)
(718,4593)
(3917,1042)
(496,1470)
(6455,2989)
(4128,5122)
(4542,2582)
(765,4847)
(3024,2445)
(911,330)
(2679,1246)
(818,5148)
(995,1805)
(3407,3998)
(731,4998)
(1865,4295)
(973,1777)
(6804,449)
(3054,668)
(3319,496)
(4917,5922)
(1986,6447)
(2705,842)
(4967,6356)
(1202,1288)
(5068,4471)
(5806,6442)
(5211,2078)
(2200,4967)
(4689,3399)
(6863,1513)
(984,3585)
(2664,1653)
(5430,3130)
(5955,709)
(2544,5032)
(4274,2901)
(7022,4464)
(6933,2976)
(3898,5943)
(5425,15)
(3094,3325)
(515,4664)
(6845,144)
(4527,3894)
(4435,6412)
(38,6049)
(5019,4979)
(6875,2484)
(3139,2793)
(1594,7004)
(2976,7013)
(3338,636)
(2137,6629)
(571,5189)
(6870,5083)
(787,2374)
(1582,3755)
(338,6385)
(1008,593)
(3842,4484)
(1265,2122)
(577,6442)
(5781,6369)
(2046,4840)
(6468,1459)
(2371,2020)
(1965,2952)
(6983,5707)
(4411,828)
(3555,6262)
(3570,3098)
(402,4122)
(6094,2398)
(3950,3258)
(5249,1599)
(73,701)
(3860,5507)
(1450,1863)
(771,102)
(4064,4678)
(4054,2887)
(780,41)
(3979,2489)
(6045,3801)
(1026,564)
(5360,1208)
(3493,228)
(656,5409)
(392,2840)
(2920,256)
(4639,4742)
(975,3730)
(618,4896)
(1142,2716)
(2013,1038)
(4273,4410)
(41,655)
(2412,4860)
(3013,5181)
(6,736)
(422,6851)
(198,4666)
(1805,737)
(6148,6487)
(5094,1157)
(4313,6565)
(4851,390)
(348,3351)
(1259,6038)
(3833,4612)
(26,3559)
(4589,5625)
(180,4394)
(414,1142)
(3240,55)
(3073,4256)
(5874,6347)
(3018,513)
(2562,4812)
(2241,398)
(7100,2183)
(835,435)
(4365,6159)
(28,779)
(2985,7034)
(3219,6753)
(1659,4344)
(6967,1782)
(5817,507)
(587,5415)
(6744,872)
(353,2214)
(6461,1447)
(6797,1014)
(3924,3840)
(830,4323)
(720,1105)
(4863,4506)
(216,867)
(3814,2738)
(3033,2243)
(4290,5197)
(5961,3909)
(6554,3771)
(6745,5001)
(5535,6872)
(4092,1310)
(2519,3060)
(1287,3014)
(1575,1235)
(5779,1970)
(7011,1813)
(1069,4362)
(1905,803)
(5706,4773)
(228,6666)
(3758,4944)
(5460,2836)
(6466,6543)
(1940,6820)
(3461,1319)
(5562,6965)
(1205,6438)
(544,384)
(3495,6781)
(6841,6539)
(931,4110)
(3418,4792)
(607,857)
(3825,3102)
(5282,6456)
(2759,5656)
(2288,2805)
(195,5121)
(5186,1448)
(3392,6144)
(5731,1903)
(3479,5201)
(2882,4569)
(6079,6685)
(3530,3716)
(2159,1820)
(1028,5134)
(6111,3341)
(4319,6890)
(270,6876)
(2761,6494)
(4418,6375)
(2393,3364)
(3676,3746)
(740,1377)
(759,2706)
(357,603)
(1339,5778)
(5941,2933)
(6765,5073)
(6507,6941)
(5821,6502)
(5948,1286)
(3684,5205)
(1277,7051)
(3599,893)
(2872,4176)
(3875,1822)
(6903,991)
(3413,838)
(5886,414)
(3617,3800)
(5635,4581)
(2818,3753)
(4326,3576)
(3434,2268)
(1289,1184)
(5727,1119)
(1759,6418)
(6538,1872)
(521,2641)
(3382,3125)
(3189,6218)
(15,3190)
(5464,5663)
(7101,5962)
(6883,2721)
(1755,6348)
(3793,1965)
(6297,1828)
(296,3137)
(2298,2038)
(3293,5071)
(6827,1298)
(1486,3588)
(5683,4711)
(6959,569)
(4437,3962)
(1406,2118)
(2126,3248)
(2659,464)
(4869,6481)
(395,4584)
(895,6645)
(6663,4364)
(3531,3364)
(271,2895)
(4043,1830)
(2443,5967)
(3314,219)
(3068,5837)
(728,5844)
(6318,7088)
(970,3633)
(4474,444)
(6080,6023)
(6339,5872)
(1433,4020)
(3176,3861)
(5936,2219)
(4250,5061)
(2542,4062)
(6138,6992)
(2765,742)
(985,5489)
(2781,54)
(3473,4498)
(2500,4301)
(3638,7060)
(3235,4646)
(4726,6616)
(1762,13)
(458,2273)
(1348,1802)
(721,4930)
(6875,4017)
(41,2280)
(3415,4843)
(3535,5424)
(2571,2050)
(636,5196)
(642,5699)
(5873,3969)
(3044,6744)
(1336,721)
(2173,1714)
(2869,168)
(2348,412)
(4654,4387)
(3772,3770)
(557,3996)
(615,2892)
(757,784)
(67,5117)
(567,2888)
(6382,1219)
(6072,3347)
(1099,3333)
(5759,2385)
(4157,3580)
(2314,3020)
(2932,3561)
(6392,5256)
(2337,5712)
(3536,10)
(1555,1018)
(801,877)
(2804,5716)
(355,6575)
(3971,3010)
(4648,3599)
(648,3645)
(236,1593)
(5824,5921)
(4517,4456)
(4387,5130)
(1895,707)
(204,3269)
(4160,6085)
(6547,1450)
(3567,6583)
(3515,6099)
(2401,2185)
(3163,1101)
(3748,2416)
(6638,3528)
(5521,6977)
(4024,6134)
(5514,5311)
(5949,5008)
(1158,4384)
(5304,5301)
(5184,585)
(6013,5140)
(5862,5618)
(6414,229)
(5587,1797)
(5426,5328)
(2644,2612)
(5545,4907)
(5981,357)
(6128,6533)
(3703,1478)
(2384,990)
(5098,3835)
(5708,621)
(1313,277)
(3533,2756)
(4307,3128)
(6442,3163)
(5334,4982)
(3458,580)
(2827,910)
(1262,1693)
(2741,5694)
(4011,5139)
(2334,718)
(5021,6512)
(6713,3055)
(4620,5617)
(538,1597)
(1943,6590)
(1889,3535)
(4684,2839)
(5456,635)
(6275,2095)
(3510,3496)
(961,3419)
(732,747)
(317,5638)
(4393,5082)
(647,1965)
(6940,1008)
(7045,4788)
(1225,4383)
(6508,3051)
(5666,4673)
(4391,1120)
(4340,930)
(1344,4469)
(1877,3690)
(1280,6794)
(190,3216)
(2333,5925)
(3095,994)
(4753,6895)
(3971,1994)
(5578,2752)
(5238,1570)
(4800,4284)
(1376,1762)
(583,1911)
(2092,5276)
(3983,5963)
(2906,4189)
(4295,6734)
(6026,2800)
(2489,900)
(7046,5413)
(6385,1243)
(3630,1785)
(5127,3729)
(1046,6002)
(2409,7016)
(218,4998)
(5574,2638)
(1778,3836)
(1297,1330)
(7038,2605)
(6717,3277)
(62,787)
(6549,571)
(4123,1940)
(165,2042)
(7018,7000)
(2026,6175)
(3008,1611)
(39,5324)
(64,2167)
(4683,4192)
(5083,1140)
(4819,4313)
(2683,4842)
(2620,6034)
(4734,419)
(5370,5972)
(5202,1279)
(1165,4430)
(1476,4735)
(934,339)
(763,1596)
(6348,6826)
(4307,1550)
(3804,5710)
(3807,5423)
(1992,2886)
(4212,694)
(2008,4472)
(514,3353)
(5172,5563)
(6605,4296)
(501,6824)
(2232,2719)
(2573,1025)
(5900,7058)
(1658,752)
(4916,5115)
(5897,5129)
(6423,6710)
(870,199)
(5988,6926)
(845,294)
(5492,6079)
(3162,2064)
(2878,2344)
(5567,4697)
(5926,6818)
(16,2212)
(800,2317)
(3932,540)
(578,3519)
(2962,6550)
(842,4017)
(2318,4994)
(1829,2173)
(4255,5338)
(4496,2427)
(2191,714)
(6742,135)
(3568,2343)
(891,4253)
(1954,3932)
(896,739)
(4649,3675)
(6118,7067)
(1295,5900)
(2998,3066)
(952,1700)
(1852,1209)
(2529,2176)
(3546,4298)
(3788,1225)
(6061,4731)
(886,1506)
(2596,587)
(686,4076)
(1605,6326)
(1936,1650)
(2944,212)
(25,6321)
(3337,2046)
(20,3706)
(3528,5084)
(1652,5644)
(620,2025)
(6208,1576)
(3016,6478)
(7099,898)
(848,5858)
(6492,3764)
(2636,5847)
(744,6142)
(4338,4156)
(4074,710)
(3942,6614)
(5374,3279)
(6190,1403)
(4228,3615)
(6799,5722)
(3634,1317)
(6655,3672)
(4237,5960)
(5241,1260)
(1191,3951)
(2953,2811)
(6511,2120)
(413,153)
(124,3543)
(879,1960)
(6657,1364)
(207,1992)
(796,3179)
(5208,2497)
(508,3490)
(1268,807)
(3223,1188)
(5590,2633)
(1613,3762)
(6482,6659)
(6444,107)
(4271,4535)
(4748,401)
(5492,1664)
(2988,3758)
(3545,2904)
(1552,6628)
(1251,6385)
(1089,1892)
(3029,369)
(2474,3217)
(801,3947)
(2376,662)
(4669,2022)
(717,6599)
(1139,5059)
(4811,4552)
(4409,5744)
(4386,6662)
(5235,1439)
(5705,2524)
(6831,5988)
(3908,3848)
(4763,2610)
(78,4094)
(6290,3749)
(954,5512)
(1326,61)
(2028,6097)
(6157,973)
(5086,200)
(2056,2984)
(652,4378)
(394,2005)
(237,2810)
(2536,1237)
(3749,3679)
(6541,202)
(5453,3492)
(7065,3042)
(4404,537)
(2637,2686)
(6867,4981)
(5685,1716)
(4857,6174)
(1664,98)
(2950,7072)
(795,6364)
(913,4046)
(7043,6280)
(5391,5516)
(5354,1824)
(6612,649)
(714,5080)
(6988,6660)
(5403,4245)
(3827,2744)
(5894,4942)
(3412,4935)
(6164,6554)
(1600,6840)
(6321,1280)
(5895,3825)
(51,3924)
(6975,2735)
(34,7063)
(1696,4596)
(650,6226)
(2952,1662)
(3756,7093)
(1766,3008)
(2121,1151)
(3255,4636)
(4371,6632)
(3121,4417)
(3090,4436)
(1724,234)
(3092,4897)
(6386,6132)
(6333,520)
(2476,2373)
(750,5822)
(2123,3954)
(5828,4089)
(3813,751)
(5993,6101)
(3185,4205)
(5201,3062)
(4772,5299)
(3440,3222)
(2813,5899)
(3521,6393)
(4280,2801)
(3957,2297)
(2356,3385)
(2297,5688)
(3708,483)
(3926,2062)
(2971,160)
(6558,253)
(6599,716)
(3849,4891)
(7020,3597)
(6523,1967)
(6358,6623)
(2250,1022)
(4990,5835)
(1859,5698)
(503,6935)
(1745,4279)
(4799,3512)
(7032,995)
(2060,5845)
(3926,3849)
(1855,4571)
(516,4459)
(2794,6294)
(665,542)
(1702,2612)
(5628,5649)
(6722,5460)
(2758,3332)
(2839,5047)
(3076,7010)
(3921,7029)
(4771,3180)
(6601,6833)
(1536,3039)
(1852,3001)
(5406,2691)
(1154,6183)
(250,5183)
(3781,3345)
(1883,2924)
(3962,858)
(5412,184)
(4168,362)
(788,3408)
(5971,2388)
(5958,241)
(6917,493)
(967,4710)
(5583,4575)
(495,6900)
(4002,1232)
(6803,5769)
(2305,576)
(5042,4858)
(4196,4128)
(5237,221)
(5663,6611)
(5411,640)
(729,2849)
(5812,961)
(1053,4908)
(1962,5043)
(4057,4149)
(2910,2606)
(345,1471)
(3229,6335)
(4510,2938)
(6129,2456)
(3162,4505)
(3982,359)
(4041,4674)
(302,156)
(6806,601)
(5267,5333)
(2477,3333)
(121,6784)
(5156,4008)
(3744,2882)
(4704,5014)
(4780,5357)
(5062,2420)
(1129,5857)
(2648,5281)
(2020,3354)
(5322,2529)
(4859,1027)
(1921,3313)
(4531,665)
(5724,647)
(3705,2951)
(3322,5616)
(3051,4705)
(596,1095)
(897,6734)
(3852,4171)
(3590,5982)
(3538,6382)
(2311,4120)
(6024,54)
(2581,1934)
(3671,215)
(530,2469)
(4206,4618)
(1856,4756)
(588,7019)
(724,863)
(1437,6483)
(3901,5677)
(1876,2876)
(739,7042)
(5922,4342)
(3442,1294)
(4561,6918)
(2438,1410)
(3453,1199)
(5950,472)
(1602,1993)
(5807,2433)
(5640,2060)
(1737,2498)
(4794,5036)
(6372,5422)
(4219,5761)
(6166,4374)
(4796,5785)
(1141,6254)
(2931,545)
(6109,1579)
(2913,6904)
(5049,5387)
(6783,5079)
(4572,4991)
(4255,4018)
(4350,4281)
(3716,6549)
(6829,6883)
(3056,1591)
(5114,4021)
(3288,5700)
(2133,6798)
(1403,2052)
(1113,3548)
(2175,3720)
