4
police
80
234
5468
4153
6042
4815
6953
2193
2431
1614
1416
4648
2287
2460
4377
943
3441
1211
3497
6259
537
439
6480
2887
2139
5098
6596
3459
218
2934
4139
2208
3168
2501
6361
1398
6611
5502
3591
1230
10
4301
5172
1591
6761
2444
1829
2391
3655
4620
1544
3486
5059
212
5667
6492
5311
5157
2139
4823
986
5573
7031
3448
262
5581
4847
6167
3977
626
291
3988
4928
5464
4873
3877
802
6702
6268
3751
4217
court
30
1
6531
1464
213
5093
145
4818
3144
1578
2536
3424
45
1755
6873
6708
230
4614
5769
3502
5240
6061
6784
2356
3713
4551
6234
3809
4148
4690
6854
prison
40
553
4691
6279
1311
4905
3560
1456
2617
6705
3035
4447
3023
2374
6203
2084
1976
5727
5992
640
2123
3421
5995
1801
5777
1896
5647
4905
5705
1983
2490
5453
2536
75
3920
3847
4274
375
4598
6186
6374
hq
1
6927