4
police
80
14109
7801
4648
15892
1367
11250
9882
6278
14195
12442
2525
7181
15502
2233
7649
4937
1773
16452
10336
6757
3643
305
7264
7416
9732
13087
5086
2881
17723
1212
1896
17144
9014
9627
15266
13463
6189
10460
1971
2614
5133
4497
9795
2865
9812
17444
7802
11585
16127
3450
3655
5082
3756
10919
12499
16570
9318
2897
1681
9271
7192
3578
11728
16206
16287
12306
14981
4706
4997
2265
10403
13212
6762
2428
16077
1886
5185
9192
13471
6624
court
30
12642
17126
14788
1710
13357
12599
510
4905
15497
5274
17259
8001
11934
11217
6437
10451
5753
6730
469
13832
8995
10872
9274
1069
16383
7582
2955
6880
2086
1739
prison
40
13504
40
4177
13604
1751
17535
8434
5343
7752
9243
10617
10323
17244
7863
3770
8993
3626
12606
1035
4096
8668
10031
14968
3255
11100
16663
13919
17138
5773
16005
1107
4589
1357
5284
424
3108
8131
11940
11534
15884
hq
1
6861