4
prison
73
1253610241
314542595
1198952196
1325759495
276938123
1253610258
1214165395
1260536980
920226197
1260537108
567391507
1314203800
663860633
276939674
663859738
1126327196
567391389
324175262
1183630367
1027838362
130215960
276939810
1103952932
920225828
324175268
275218855
1076761127
1126327205
276939819
1321499179
663859629
1321505326
1327529262
1198934699
1185191985
314542516
1321505463
1198969912
663860410
445041911
1198839995
1318768829
1326177655
567391432
488593480
276929994
663689421
413696339
1321505236
1197708503
1321505242
1199489271
1076804828
1321499743
1318768864
1199479649
1198905311
1167307625
413696377
1321499500
567391214
314542574
415408379
1198975985
130215923
1327534452
1253610357
1167307511
415408377
473183479
1199513852
276938109
1325759486
police
73
1183709442
112664195
488593413
1321499270
1198946055
567391494
444058633
275214599
1198905228
112624382
672696209
1126327058
1327534483
1321499411
1260537108
1251033238
1260536855
1321499795
1126327185
1224763547
1325753246
1224763551
1332815265
1321499170
112664225
1214165285
276937638
705533350
567391401
1318771242
314536618
413696428
1214165419
276930100
1213521718
1316579895
1321499707
413696444
314539838
1164363201
1318762309
663860422
1325753159
663694664
1214165192
1224758730
276936902
1321505353
1318758349
112664275
705534932
1318770005
1253610453
1198934744
1224758746
1183630429
1126355551
1224763488
276930016
276930017
1213521762
1321505380
276939751
1318762344
671781097
324175463
1213521515
920226029
1161017326
705533813
130215929
920225918
1313209215
court
73
1321505280
1126355590
1198946055
1253610379
1126327052
276930573
1325758224
1076821393
567391378
1165917330
663689366
1318772758
275218838
920226039
1325758108
1197708443
705533598
415406367
705534495
1318763425
444058658
1165917345
1318762276
1260536993
276936865
1126327336
276928809
275217962
1316572715
1197708460
1103683249
1351232691
1318765237
567391415
276942136
444041657
488593466
1224763579
1164363196
1210089399
269567423
1214165312
276938818
1210089411
1326190402
1165955911
1126327111
276936137
1224763591
473177806
1318766673
1326182357
1165917399
1316588120
1318762328
1314219482
1165955930
276928731
1318770013
1318762331
1321499487
1314202337
1126327138
314536680
1321505256
663859819
444058607
705534831
1214165237
112618358
1243069815
1198840054
473183481
hq
1
1214165239