4
police
100
3600
8249
6992
24921
9721
5543
18717
15395
18931
2456
12707
23734
18078
9447
23122
16573
11180
21660
22101
16738
23650
11255
25831
15326
22046
18993
10861
24774
2202
24056
6027
5802
14593
13019
4628
24315
18562
5633
21998
19782
8089
16993
25804
71
8728
22830
25029
2197
682
21034
18935
6621
6193
18670
4235
10527
11567
15096
9205
22154
21441
15232
10244
9938
10539
23256
16541
11390
2793
20828
5076
19267
20109
4784
1626
2742
9902
559
4939
18969
21593
6162
7878
10074
7120
12113
2889
18687
9498
20478
23129
4843
9614
7278
14781
2442
4438
13611
13832
15616
court
40
8343
1196
8787
2356
14364
10413
13482
24266
19357
709
25523
23238
6871
7305
7217
13991
19419
18490
14967
2821
12873
12000
16048
4775
1566
13117
7217
14389
632
3337
3909
17359
4533
21080
19716
18897
13781
15486
25452
7042
prison
60
16196
7167
4185
23067
14473
19786
10963
16180
20564
8218
1289
7341
20218
25721
12117
4073
12742
19334
18462
13375
22672
4659
13022
9493
25739
6642
10679
21808
4417
18419
11139
20613
25586
23708
25968
22347
25782
19219
20815
20250
1341
22104
1496
21560
21729
13613
25633
16760
15235
287
12423
20195
4946
25445
11977
12973
14376
22656
17069
18793
hq
1
14979